0.0
0.0
0.0
0.001
0.001
0.002
0.003
0.004
0.006
0.007
0.009
0.01
0.012
0.015
0.017
0.019
0.022
0.025
0.028
0.031
0.034
0.038
0.042
0.045
0.05
0.054
0.058
0.063
0.067
0.072
0.077
0.083
0.088
0.094
0.099
0.105
0.111
0.118
0.124
0.131
0.138
0.144
0.152
0.159
0.166
0.174
0.182
0.19
0.198
0.206
0.215
0.224
0.232
0.241
0.251
0.26
0.27
0.279
0.289
0.299
0.309
0.32
0.33
0.341
0.352
0.363
0.374
0.386
0.397
0.409
0.421
0.433
0.446
0.458
0.471
0.483
0.496
0.51
0.523
0.536
0.55
0.564
0.578
0.592
0.606
0.621
0.636
0.651
0.666
0.681
0.696
0.712
0.727
0.743
0.759
0.776
0.792
0.809
0.825
0.842
0.859
0.877
0.894
0.912
0.93
0.948
0.966
0.984
1.002
1.021
1.04
1.059
1.078
1.097
1.117
1.137
1.156
1.176
1.197
1.217
1.238
1.258
1.279
1.3
1.321
1.343
1.364
1.386
1.408
1.43
1.452
1.475
1.497
1.52
1.543
1.566
1.59
1.613
1.637
1.661
1.684
1.709
1.733
1.757
1.782
1.807
1.832
1.857
1.883
1.908
1.934
1.96
1.986
2.012
2.038
2.065
2.092
2.118
2.145
2.173
2.2
2.228
2.256
2.283
2.312
2.34
2.368
2.397
2.426
2.455
2.484
2.513
2.543
2.572
2.602
2.632
2.662
2.693
2.723
2.754
2.785
2.816
2.847
2.878
2.91
2.941
2.973
3.005
3.038
3.07
3.103
3.135
3.168
3.201
3.235
3.268
3.302
3.335
3.369
3.403
3.438
3.472
3.507
3.542
3.577
3.612
3.647
3.683
3.718
3.754
3.79
3.826
3.863
3.899
3.936
3.973
4.01
4.047
4.084
4.122
4.16
4.198
4.236
4.274
4.312
4.351
4.39
4.429
4.468
4.507
4.546
4.586
4.626
4.666
4.706
4.746
4.787
4.827
4.868
4.909
4.95
4.992
5.033
5.075
5.117
5.159
5.201
5.243
5.286
5.329
5.371
5.415
5.458
5.501
5.545
5.588
5.632
5.676
5.721
5.765
5.81
5.855
5.9
5.945
5.99
6.035
6.081
6.127
6.173
6.219
6.265
6.312
6.358
6.405
6.452
6.499
6.547
6.594
6.642
6.69
6.738
6.786
6.835
6.883
6.932
6.981
7.03
7.079
7.129
7.178
7.228
7.278
7.328
7.378
7.429
7.479
7.53
7.581
7.632
7.683
7.735
7.787
7.838
7.89
7.943
7.995
8.047
8.1
8.153
8.206
8.259
8.313
8.366
8.42
8.474
8.528
8.582
8.636
8.691
8.746
8.801
8.856
8.911
8.966
9.022
9.078
9.134
9.19
9.246
9.303
9.359
9.416
9.473
9.53
9.588
9.645
9.703
9.761
9.819
9.877
9.935
9.994
10.052
10.111
10.17
10.229
10.289
10.348
10.408
10.468
10.528
10.588
10.648
10.708
10.768
10.828
10.888
10.948
11.008
11.068
11.128
11.188
11.248
11.308
11.368
11.428
11.488
11.548
11.608
11.668
11.728
11.788
11.848
11.908
11.968
12.028
12.088
12.148
12.208
12.268
12.328
12.388
12.448
12.508
12.568
12.628
12.688
12.748
12.808
12.868
12.928
12.988
13.048
13.108
13.168
13.228
13.288
13.348
13.408
13.468
13.528
13.588
13.648
13.708
13.768
13.828
13.888
13.948
14.008
14.068
14.128
14.188
14.248
14.308
14.368
14.428
14.488
14.548
14.608
14.668
14.728
14.788
14.848
14.908
14.968
15.028
15.088
15.148
15.208
15.268
15.328
15.388
15.448
15.508
15.568
15.628
15.688
15.748
15.808
15.868
15.928
15.988
16.048
16.108
16.168
16.228
16.288
16.348
16.408
16.468
16.528
16.588
16.648
16.708
16.768
16.828
16.888
16.948
17.008
17.068
17.128
17.188
17.248
17.308
17.368
17.428
17.488
17.548
17.608
17.668
17.728
17.788
17.848
17.908
17.968
18.028
18.088
18.148
18.208
18.268
18.328
18.388
18.448
18.508
18.568
18.628
18.688
18.748
18.808
18.868
18.928
18.988
19.048
19.108
19.168
19.228
19.288
19.348
19.408
19.468
19.528
19.588
19.648
19.708
19.768
19.828
19.888
19.948
20.008
20.068
20.128
20.188
20.248
20.308
20.368
20.428
20.488
20.548
20.608
20.668
20.728
20.788
20.848
20.908
20.968
21.028
21.088
21.148
21.208
21.268
21.328
21.388
21.448
21.508
21.568
21.628
21.688
21.748
21.808
21.868
21.928
21.988
22.048
22.108
22.168
22.228
22.288
22.348
22.408
22.468
22.528
22.588
22.648
22.708
22.768
22.828
22.888
22.948
23.008
23.068
23.128
23.188
23.248
23.308
23.368
23.428
23.488
23.548
23.608
23.668
23.728
23.788
23.848
23.908
23.968
24.028
24.088
24.148
24.208
24.268
24.328
24.388
24.448
24.508
24.568
24.628
24.688
24.748
24.808
24.868
24.928
24.988
25.048
25.108
25.168
25.228
25.288
25.348
25.408
25.468
25.528
25.588
25.648
25.708
25.768
25.828
25.888
25.948
26.008
26.068
26.128
26.188
26.248
26.308
26.368
26.428
26.488
26.548
26.608
26.668
26.728
26.788
26.848
26.908
26.968
27.028
27.088
27.148
27.208
27.268
27.328
27.388
27.448
27.508
27.568
27.628
27.688
27.748
27.808
27.868
27.928
27.988
28.048
28.108
28.168
28.228
28.288
28.348
28.408
28.468
28.528
28.588
28.648
28.708
28.768
28.828
28.888
28.948
29.008
29.068
29.128
29.188
29.248
29.308
29.368
29.428
29.488
29.548
29.608
29.668
29.728
29.788
29.848
29.908
29.968
30.028
30.088
30.148
30.208
30.268
30.328
30.388
30.448
30.508
30.568
30.628
30.688
30.748
30.808
30.868
30.928
30.988
31.048
31.108
31.168
31.228
31.288
31.348
31.408
31.468
31.528
31.588
31.648
31.708
31.768
31.828
31.888
31.948
32.008
32.068
32.128
32.188
32.248
32.308
32.368
32.428
32.488
32.548
32.608
32.668
32.728
32.788
32.848
32.908
32.968
33.028
33.088
33.148
33.208
33.268
33.328
33.388
33.448
33.508
33.568
33.628
33.688
33.748
33.808
33.868
33.928
33.988
34.048
34.108
34.168
34.228
34.288
34.348
34.408
34.468
34.528
34.588
34.648
34.708
34.768
34.828
34.888
34.948
35.008
35.068
35.128
35.188
35.248
35.308
35.368
35.428
35.488
35.548
35.608
35.668
35.728
35.788
35.848
35.908
35.968
36.028
36.088
36.148
36.208
36.268
36.328
36.388
36.448
36.508
36.568
36.628
36.688
36.748
36.808
36.868
36.928
36.988
37.048
37.108
37.168
37.228
37.288
37.348
37.408
37.468
37.528
37.588
37.648
37.708
37.768
37.828
37.888
37.948
38.008
38.068
38.128
38.188
38.248
38.308
38.368
38.428
38.488
38.548
38.608
38.668
38.728
38.788
38.848
38.908
38.968
39.028
39.088
39.148
39.208
39.268
39.328
39.388
39.448
39.508
39.568
39.628
39.688
39.748
39.808
39.868
39.928
39.988
40.048
40.108
40.168
40.228
40.288
40.348
40.408
40.468
40.528
40.588
40.648
40.708
40.768
40.828
40.888
40.948
41.008
41.068
41.128
41.188
41.248
41.308
41.368
41.428
41.488
41.548
41.608
41.668
41.728
41.788
41.848
41.908
41.968
42.028
42.088
42.148
42.208
42.268
42.328
42.388
42.448
42.508
42.568
42.628
42.688
42.748
42.808
42.868
42.928
42.988
43.048
43.108
43.168
43.228
43.288
43.348
43.408
43.468
43.528
43.588
43.648
43.708
43.768
43.828
43.888
43.948
44.008
44.068
44.128
44.188
44.248
44.308
44.368
44.428
44.488
44.548
44.608
44.668
44.728
44.788
44.848
44.908
44.968
45.028
45.088
45.148
45.208
45.268
45.328
45.388
45.448
45.508
45.568
45.628
45.688
45.748
45.808
45.868
45.928
45.988
46.048
46.108
46.168
46.228
46.288
46.348
46.408
46.468
46.528
46.588
46.648
46.708
46.768
46.828
46.888
46.948
47.008
47.068
47.128
47.188
47.248
47.308
47.368
47.428
47.488
47.548
47.608
47.668
47.728
47.788
47.848
47.908
47.968
48.028
48.088
48.148
48.208
48.268
48.328
48.388
48.448
48.508
48.568
48.628
48.688
48.748
48.808
48.868
48.928
48.988
49.048
49.108
49.168
49.228
49.288
49.348
49.408
49.468
49.528
49.588
49.648
49.708
49.768
49.828
49.888
49.948
50.008
50.068
50.128
50.188
50.248
50.308
50.368
50.428
50.488
50.548
50.608
50.668
50.728
50.788
50.848
50.908
50.968
51.028
51.088
51.148
51.208
51.268
51.328
51.388
51.448
51.508
51.568
51.628
51.688
51.748
51.808
51.868
51.928
51.988
52.048
52.108
52.168
52.228
52.288
52.348
52.408
52.468
52.528
52.588
52.648
52.708
52.768
52.828
52.888
52.948
53.008
53.068
53.128
53.188
53.248
53.308
53.368
53.428
53.488
53.548
53.608
53.668
53.728
53.788
53.848
53.908
53.968
54.028
54.088
54.148
54.208
54.268
54.328
54.388
54.448
54.508
54.568
54.628
54.688
54.748
54.808
54.868
54.928
54.988
55.048
55.108
55.168
55.228
55.288
55.348
55.408
55.468
55.528
55.588
55.648
55.708
55.768
55.828
55.888
55.948
56.008
56.068
56.128
56.188
56.248
56.308
56.368
56.428
56.488
56.548
56.608
56.668
56.728
56.788
56.848
56.908
56.968
57.028
57.088
57.148
57.208
57.268
57.328
57.388
57.448
57.508
57.568
57.628
57.688
57.748
57.808
57.868
57.928
57.988
58.048
58.108
58.168
58.228
58.288
58.348
58.408
58.468
58.528
58.588
58.648
58.708
58.768
58.828
58.888
58.948
59.008
59.068
59.128
59.188
59.248
59.308
59.368
59.428
59.488
59.548
59.608
59.668
59.728
59.788
59.848
59.908
59.968
60.028
60.088
60.148
60.208
60.268
60.328
60.388
60.448
60.508
60.568
60.628
60.688
60.748
60.808
60.868
60.928
60.988
61.048
61.108
61.168
61.228
61.288
61.348
61.408
61.468
61.528
61.588
61.648
61.708
61.768
61.828
61.888
61.948
62.008
62.068
62.128
62.188
62.248
62.308
62.368
62.428
62.488
62.548
62.608
62.668
62.728
62.788
62.848
62.908
62.968
63.028
63.088
63.148
63.208
63.268
63.328
63.388
63.448
63.508
63.568
63.628
63.688
63.748
63.808
63.868
63.928
63.988
64.048
64.108
64.168
64.228
64.288
64.348
64.408
64.468
64.528
64.588
64.648
64.708
64.768
64.828
64.888
64.948
65.008
65.068
65.128
65.188
65.248
65.308
65.368
65.428
65.488
65.548
65.608
65.668
65.728
65.788
65.848
65.908
65.968
66.028
66.088
66.148
66.208
66.268
66.328
66.388
66.448
66.508
66.568
66.628
66.688
66.748
66.808
66.868
66.928
66.988
67.048
67.108
67.168
67.228
67.288
67.348
67.408
67.468
67.528
67.588
67.648
67.708
67.768
67.828
67.888
67.948
68.008
68.068
68.128
68.188
68.248
68.308
68.368
68.428
68.488
68.548
68.608
68.668
68.728
68.788
68.848
68.908
68.968
69.028
69.088
69.148
69.208
69.268
69.328
69.388
69.448
69.508
69.568
69.628
69.688
69.748
69.808
69.868
69.928
69.988
70.048
70.108
70.168
70.228
70.288
70.348
70.408
70.468
70.528
70.588
70.648
70.708
70.768
70.828
70.888
70.948
71.008
71.068
71.128
71.188
71.248
71.308
71.368
71.428
71.488
71.548
71.608
71.668
71.728
71.788
71.848
71.908
71.968
72.028
72.088
72.148
72.208
72.268
72.328
72.388
72.448
72.508
72.568
72.628
72.688
72.748
72.808
72.868
72.928
72.988
73.048
73.108
73.168
73.228
73.288
73.348
73.408
73.468
73.528
73.588
73.648
73.708
73.768
73.828
73.888
73.948
74.008
74.068
74.128
74.188
74.248
74.308
74.368
74.428
74.488
74.548
74.608
74.668
74.728
74.788
74.848
74.908
74.968
75.028
75.088
75.148
75.208
75.268
75.328
75.388
75.448
75.508
75.568
75.628
75.688
75.748
75.808
75.868
75.928
75.988
76.048
76.108
76.168
76.228
76.288
76.348
76.408
76.468
76.528
76.588
76.648
76.708
76.768
76.828
76.888
76.948
77.008
77.068
77.128
77.188
77.248
77.308
77.368
77.428
77.488
77.548
77.608
77.668
77.728
77.788
77.848
77.908
77.968
78.028
78.088
78.148
78.208
78.268
78.328
78.388
78.448
78.508
78.568
78.628
78.688
78.748
78.808
78.868
78.928
78.988
79.048
79.108
79.168
79.228
79.288
79.348
79.408
79.468
79.528
79.588
79.648
79.708
79.768
79.828
79.888
79.948
80.008
80.068
80.128
80.188
80.248
80.308
80.368
80.428
80.488
80.548
80.608
80.668
80.728
80.788
80.848
80.908
80.968
81.028
81.088
81.148
81.208
81.268
81.328
81.388
81.448
81.508
81.568
81.628
81.688
81.748
81.808
81.868
81.928
81.988
82.048
82.108
82.168
82.228
82.288
82.348
82.408
82.468
82.528
82.588
82.648
82.708
82.768
82.828
82.888
82.948
83.008
83.068
83.128
83.188
83.248
83.308
83.368
83.428
83.488
83.548
83.608
83.668
83.728
83.788
83.848
83.908
83.968
84.028
84.088
84.148
84.208
84.268
84.328
84.388
84.448
84.508
84.568
84.628
84.688
84.748
84.808
84.868
84.928
84.988
85.048
85.108
85.168
85.228
85.288
85.348
85.408
85.468
85.528
85.588
85.648
85.708
85.768
85.828
85.888
85.948
86.008
86.068
86.128
86.188
86.248
86.308
86.368
86.428
86.488
86.548
86.608
86.668
86.728
86.788
86.848
86.908
86.968
87.028
87.088
87.148
87.208
87.268
87.328
87.388
87.448
87.508
87.568
87.628
87.688
87.748
87.808
87.868
87.928
87.988
88.048
88.108
88.168
88.228
88.288
88.348
88.408
88.468
88.528
88.588
88.648
88.708
88.768
88.828
88.888
88.948
89.008
89.068
89.128
89.188
89.248
89.308
89.368
89.428
89.488
89.548
89.608
89.668
89.728
89.788
89.848
89.908
89.968
90.028
90.088
90.148
90.208
90.268
90.328
90.388
90.448
90.508
90.568
90.628
90.688
90.748
90.808
90.868
90.928
90.988
91.048
91.108
91.168
91.228
91.288
91.348
91.408
91.468
91.528
91.588
91.648
91.708
91.768
91.828
91.888
91.948
92.008
92.068
92.128
92.188
92.248
92.308
92.368
92.428
92.488
92.548
92.608
92.668
92.728
92.788
92.848
92.908
92.968
93.028
93.088
93.148
93.208
93.268
93.328
93.388
93.448
93.508
93.568
93.628
93.688
93.748
93.808
93.868
93.928
93.988
94.048
94.108
94.168
94.228
94.288
94.348
94.408
94.468
94.528
94.588
94.648
94.708
94.768
94.828
94.888
94.948
95.008
95.068
95.128
95.188
95.248
95.308
95.368
95.428
95.488
95.548
95.608
95.668
95.728
95.788
95.848
95.908
95.968
96.028
96.088
96.148
96.208
96.268
96.328
96.388
96.448
96.508
96.568
96.628
96.688
96.748
96.808
96.868
96.928
96.988
97.048
97.108
97.168
97.228
97.288
97.348
97.408
97.468
97.528
97.588
97.648
97.708
97.768
97.828
97.888
97.948
98.008
98.068
98.128
98.188
98.248
98.308
98.368
98.428
98.488
98.548
98.608
98.668
98.728
98.788
98.848
98.908
98.968
99.028
99.088
99.148
99.208
99.268
99.328
99.388
99.448
99.508
99.568
99.628
99.688
99.748
99.808
99.868
99.928
99.988
100.048
100.108
100.168
100.228
100.288
100.348
100.408
100.468
100.528
100.588
100.648
100.708
100.768
100.828
100.888
100.948
101.008
101.068
101.128
101.188
101.248
101.308
101.368
101.428
101.488
101.548
101.608
101.668
101.728
101.788
101.848
101.908
101.968
102.028
102.088
102.148
102.208
102.268
102.328
102.388
102.448
102.508
102.568
102.628
102.688
102.748
102.808
102.868
102.928
102.988
103.048
103.108
103.168
103.228
103.288
103.348
103.408
103.468
103.528
103.588
103.648
103.708
103.768
103.828
103.888
103.948
104.008
104.068
104.128
104.188
104.248
104.308
104.368
104.428
104.488
104.548
104.608
104.668
104.728
104.788
104.848
104.908
104.968
105.028
105.088
105.148
105.208
105.268
105.328
105.388
105.448
105.508
105.568
105.628
105.688
105.748
105.808
105.868
105.928
105.988
106.048
106.108
106.168
106.228
106.288
106.348
106.408
106.468
106.528
106.588
106.648
106.708
106.768
106.828
106.888
106.948
107.008
107.068
107.128
107.188
107.248
107.308
107.368
107.428
107.488
107.548
107.608
107.668
107.728
107.788
107.848
107.908
107.968
108.028
108.088
108.148
108.208
108.268
108.328
108.388
108.448
108.508
108.568
108.628
108.688
108.748
108.808
108.868
108.928
108.988
109.048
109.108
109.168
109.228
109.288
109.348
109.408
109.468
109.528
109.588
109.648
109.708
109.768
109.828
109.888
109.948
110.008
110.068
110.128
110.188
110.248
110.308
110.368
110.428
110.488
110.548
110.608
110.668
110.728
110.788
110.848
110.908
110.968
111.028
111.088
111.148
111.208
111.268
111.328
111.388
111.448
111.508
111.568
111.628
111.688
111.748
111.808
111.868
111.928
111.988
112.048
112.108
112.168
112.228
112.288
112.348
112.408
112.468
112.528
112.588
112.648
112.708
112.768
112.828
112.888
112.948
113.008
113.068
113.128
113.188
113.248
113.308
113.368
113.428
113.488
113.548
113.608
113.668
113.728
113.788
113.848
113.908
113.968
114.028
114.088
114.148
114.208
114.268
114.328
114.388
114.448
114.508
114.568
114.628
114.688
114.748
114.808
114.868
114.928
114.988
115.048
115.108
115.168
115.228
115.288
115.348
115.408
115.468
115.528
115.588
115.648
115.708
115.768
115.828
115.888
115.948
116.008
116.068
116.128
116.188
116.248
116.308
116.368
116.428
116.488
116.548
116.608
116.668
116.728
116.788
116.848
116.908
116.968
117.028
117.088
117.148
117.208
117.268
117.328
117.388
117.448
117.508
117.568
117.628
117.688
117.748
117.808
117.868
117.928
117.988
118.048
118.108
118.168
118.228
118.288
118.348
118.408
118.468
118.528
118.588
118.648
118.708
118.768
118.828
118.888
118.948
119.008
119.068
119.128
119.188
119.248
119.308
119.368
119.428
119.488
119.548
119.608
119.668
119.728
119.788
119.848
119.908
119.968
120.028
120.088
120.148
120.208
120.268
120.328
120.388
120.448
120.508
120.568
120.628
120.688
120.748
120.808
120.868
120.928
120.988
121.048
121.108
121.168
121.228
121.288
121.348
121.408
121.468
121.528
121.588
121.648
121.708
121.768
121.828
121.888
121.948
122.008
122.068
122.128
122.188
122.248
122.308
122.368
122.428
122.488
122.548
122.608
122.668
122.728
122.788
122.848
122.908
122.968
123.028
123.088
123.148
123.208
123.268
123.328
123.388
123.448
123.508
123.568
123.628
123.688
123.748
123.808
123.868
123.928
123.988
124.048
124.108
124.168
124.228
124.288
124.348
124.408
124.468
124.528
124.588
124.648
124.708
124.768
124.828
124.888
124.948
125.008
125.068
125.128
125.188
125.248
125.308
125.368
125.428
125.488
125.548
125.608
125.668
125.728
125.788
125.848
125.908
125.968
126.028
126.088
126.148
126.208
126.268
126.328
126.388
126.448
126.508
126.568
126.628
126.688
126.748
126.808
126.868
126.928
126.988
127.048
127.108
127.168
127.228
127.288
127.348
127.408
127.468
127.528
127.588
127.648
127.708
127.768
127.828
127.888
127.948
128.008
128.068
128.128
128.188
128.248
128.308
128.368
128.428
128.488
128.548
128.608
128.668
128.728
128.788
128.848
128.908
128.968
129.028
129.088
129.148
129.208
129.268
129.328
129.388
129.448
129.508
129.568
129.628
129.688
129.748
129.808
129.868
129.928
129.988
130.048
130.108
130.168
130.228
130.288
130.348
130.408
130.468
130.528
130.588
130.648
130.708
130.768
130.828
130.888
130.948
131.008
131.068
131.128
131.188
131.248
131.308
131.368
131.428
131.488
131.548
131.608
131.668
131.728
131.788
131.848
131.908
131.968
132.028
132.088
132.148
132.208
132.268
132.328
132.388
132.448
132.508
132.568
132.628
132.688
132.748
132.808
132.868
132.928
132.988
133.048
133.108
133.168
133.228
133.288
133.348
133.408
133.468
133.528
133.588
133.648
133.708
133.768
133.828
133.888
133.948
134.008
134.068
134.128
134.188
134.248
134.308
134.368
134.428
134.488
134.548
134.608
134.668
134.728
134.788
134.848
134.908
134.968
135.028
135.088
135.148
135.208
135.268
135.328
135.388
135.448
135.508
135.568
135.628
135.688
135.748
135.808
135.868
135.928
135.988
136.048
136.108
136.168
136.228
136.288
136.348
136.408
136.468
136.528
136.588
136.648
136.708
136.768
136.828
136.888
136.948
137.008
137.068
137.128
137.188
137.248
137.308
137.368
137.428
137.488
137.548
137.608
137.668
137.728
137.788
137.848
137.908
137.968
138.028
138.088
138.148
138.208
138.268
138.328
138.388
138.448
138.508
138.568
138.628
138.688
138.748
138.808
138.868
138.928
138.988
139.048
139.108
139.168
139.228
139.288
139.348
139.408
139.468
139.528
139.588
139.648
139.708
139.768
139.828
139.888
139.948
140.008
140.068
140.128
140.188
140.248
140.308
140.368
140.428
140.488
140.548
140.608
140.668
140.728
140.788
140.848
140.908
140.968
141.028
141.088
141.148
141.208
141.268
141.328
141.388
141.448
141.508
141.568
141.628
141.688
141.748
141.808
141.868
141.928
141.988
142.048
142.108
142.168
142.228
142.288
142.348
142.408
142.468
142.528
142.588
142.648
142.708
142.768
142.828
142.888
142.948
143.008
143.068
143.128
143.188
143.248
143.308
143.368
143.428
143.488
143.548
143.608
143.668
143.728
143.788
143.848
143.908
143.968
144.028
144.088
144.148
144.208
144.268
144.328
144.388
144.448
144.508
144.568
144.628
144.688
144.748
144.808
144.868
144.928
144.988
145.048
145.108
145.168
145.228
145.288
145.348
145.408
145.468
145.528
145.588
145.648
145.708
145.768
145.828
145.888
145.948
146.008
146.068
146.128
146.188
146.248
146.308
146.368
146.428
146.488
146.548
146.608
146.668
146.728
146.788
146.848
146.908
146.968
147.028
147.088
147.148
147.208
147.268
147.328
147.388
147.448
147.508
147.568
147.628
147.688
147.748
147.808
147.868
147.928
147.988
148.048
148.108
148.168
148.228
148.288
148.348
148.408
148.468
148.528
148.588
148.648
148.708
148.768
148.828
148.888
148.948
149.008
149.068
149.128
149.188
149.248
149.308
149.368
149.428
149.488
149.548
149.608
149.668
149.728
149.788
149.848
149.908
149.968
150.028
150.088
150.148
150.208
150.268
150.328
150.388
150.448
150.508
150.568
150.628
150.688
150.748
150.808
150.868
150.928
150.988
151.048
151.108
151.168
151.228
151.288
151.348
151.408
151.468
151.528
151.588
151.648
151.708
151.768
151.828
151.888
151.948
152.008
152.068
152.128
152.188
152.248
152.308
152.368
152.428
152.488
152.548
152.608
152.668
152.728
152.788
152.848
152.908
152.968
153.028
153.088
153.148
153.208
153.268
153.328
153.388
153.448
153.508
153.568
153.628
153.688
153.748
153.808
153.868
153.928
153.988
154.048
154.108
154.168
154.228
154.288
154.348
154.408
154.468
154.528
154.588
154.648
154.708
154.768
154.828
154.888
154.948
155.008
155.068
155.128
155.188
155.248
155.308
155.368
155.428
155.488
155.548
155.608
155.668
155.728
155.788
155.848
155.908
155.968
156.028
156.088
156.148
156.208
156.268
156.328
156.388
156.448
156.508
156.568
156.628
156.688
156.748
156.808
156.868
156.928
156.988
157.048
157.108
157.168
157.228
157.288
157.348
157.408
157.468
157.528
157.588
157.648
157.708
157.768
157.828
157.888
157.948
158.008
158.068
158.128
158.188
158.248
158.308
158.368
158.428
158.488
158.548
158.608
158.668
158.728
158.788
158.848
158.908
158.968
159.028
159.088
159.148
159.208
159.268
159.328
159.388
159.448
159.508
159.568
159.628
159.688
159.748
159.808
159.868
159.928
159.988
160.048
160.108
160.168
160.228
160.288
160.348
160.408
160.468
160.528
160.588
160.648
160.708
160.768
160.828
160.888
160.948
161.008
161.068
161.128
161.188
161.248
161.308
161.368
161.428
161.488
161.548
161.608
161.668
161.728
161.788
161.848
161.908
161.968
162.028
162.088
162.148
162.208
162.268
162.328
162.388
162.448
162.508
162.568
162.628
162.688
162.748
162.808
162.868
162.928
162.988
163.048
163.108
163.168
163.228
163.288
163.348
163.408
163.468
163.528
163.588
163.648
163.708
163.768
163.828
163.888
163.948
164.008
164.068
164.128
164.188
164.248
164.308
164.368
164.428
164.488
164.548
164.608
164.668
164.728
164.788
164.848
164.908
164.968
165.028
165.088
165.148
165.208
165.268
165.328
165.388
165.448
165.508
165.568
165.628
165.688
165.748
165.808
165.868
165.928
165.988
166.048
166.108
166.168
166.228
166.288
166.348
166.408
166.468
166.528
166.588
166.648
166.708
166.768
166.828
166.888
166.948
167.008
167.068
167.128
167.188
167.248
167.308
167.368
167.428
167.488
167.548
167.608
167.668
167.728
167.788
167.848
167.908
167.968
168.028
168.088
168.148
168.208
168.268
168.328
168.388
168.448
168.508
168.568
168.628
168.688
168.748
168.808
168.868
168.928
168.988
169.048
169.108
169.168
169.228
169.288
169.348
169.408
169.468
169.528
169.588
169.648
169.707
169.767
169.826
169.885
169.944
170.003
170.061
170.119
170.178
170.236
170.294
170.351
170.409
170.466
170.523
170.58
170.637
170.694
170.75
170.806
170.863
170.919
170.974
171.03
171.085
171.141
171.196
171.251
171.305
171.36
171.414
171.469
171.523
171.577
171.63
171.684
171.737
171.791
171.844
171.896
171.949
172.002
172.054
172.106
172.158
172.21
172.262
172.313
172.364
172.416
172.467
172.517
172.568
172.619
172.669
172.719
172.769
172.819
172.868
172.918
172.967
173.016
173.065
173.114
173.162
173.211
173.259
173.307
173.355
173.402
173.45
173.497
173.545
173.592
173.638
173.685
173.732
173.778
173.824
173.87
173.916
173.962
174.007
174.052
174.098
174.142
174.187
174.232
174.276
174.321
174.365
174.409
174.452
174.496
174.539
174.583
174.626
174.669
174.711
174.754
174.796
174.838
174.88
174.922
174.964
175.006
175.047
175.088
175.129
175.17
175.211
175.251
175.291
175.332
175.372
175.411
175.451
175.49
175.53
175.569
175.608
175.647
175.685
175.724
175.762
175.8
175.838
175.876
175.913
175.951
175.988
176.025
176.062
176.098
176.135
176.171
176.208
176.244
176.279
176.315
176.351
176.386
176.421
176.456
176.491
176.526
176.56
176.594
176.628
176.662
176.696
176.73
176.763
176.796
176.83
176.863
176.895
176.928
176.96
176.993
177.025
177.056
177.088
177.12
177.151
177.182
177.213
177.244
177.275
177.305
177.336
177.366
177.396
177.426
177.455
177.485
177.514
177.543
177.572
177.601
177.63
177.658
177.687
177.715
177.743
177.77
177.798
177.825
177.853
177.88
177.907
177.933
177.96
177.986
178.013
178.039
178.065
178.09
178.116
178.141
178.166
178.191
178.216
178.241
178.265
178.29
178.314
178.338
178.362
178.385
178.409
178.432
178.455
178.478
178.501
178.524
178.546
178.568
178.59
178.612
178.634
178.656
178.677
178.698
178.719
178.74
178.761
178.782
178.802
178.822
178.842
178.862
178.882
178.901
178.921
178.94
178.959
178.978
178.996
179.015
179.033
179.051
179.069
179.087
179.105
179.122
179.139
179.157
179.173
179.19
179.207
179.223
179.24
179.256
179.272
179.287
179.303
179.318
179.333
179.349
179.363
179.378
179.393
179.407
179.421
179.435
179.449
179.463
179.476
179.49
179.503
179.516
179.529
179.541
179.554
179.566
179.578
179.59
179.602
179.613
179.625
179.636
179.647
179.658
179.669
179.68
179.69
179.7
179.71
179.72
179.73
179.739
179.749
179.758
179.767
179.776
179.785
179.793
179.801
179.81
179.818
179.825
179.833
179.841
179.848
179.855
179.862
179.869
179.875
179.882
179.888
179.894
179.9
179.906
179.912
179.917
179.922
179.927
179.932
179.937
179.942
179.946
179.95
179.954
179.958
179.962
179.965
179.969
179.972
179.975
179.978
179.98
179.983
179.985
179.987
179.989
179.991
179.993
179.994
179.996
179.997
179.998
179.999
179.999
180.0
180.0
180.0
180.0
180.0
180.0
180.0
180.0
180.0
180.0
180.0
180.0
180.0
180.0
180.0
180.0
180.0
180.0
180.0
180.0
180.0
180.0
180.0
180.0
180.0
180.0
180.0
180.0
180.0
180.0
180.0
180.0
180.0
180.0
180.0
180.0
180.0
180.0
180.0
180.0
180.0
180.0
180.0
180.0
180.0
180.0
180.0
180.0
180.0
180.0
180.0
180.0
180.0
180.0
180.0
180.0
180.0
180.0
180.0
180.0
180.0
180.0
180.0
180.0
180.0
180.0
180.0
180.0
180.0
180.0
180.0
180.0
180.0
180.0
180.0
180.0
180.0
180.0
180.0
180.0
180.0
180.0
180.0
180.0
180.0
180.0
180.0
180.0
180.0
180.0
180.0
180.0
180.0
180.0
180.0
180.0
180.0
180.0
180.0
180.0
180.0
180.0
180.0
180.0
180.0
180.0
180.0
180.0
180.0
180.0
180.0
180.0
180.0
180.0
180.0
180.0
180.0
180.0
180.0
180.0
180.0
180.0
180.0
180.0
180.0
180.0
180.0
180.0
180.0
180.0
180.0
180.0
180.0
180.0
180.0
180.0
180.0
180.0
180.0
180.0
180.0
180.0
180.0
180.0
180.0
180.0
180.0
180.0
180.0
180.0
180.0
180.0
180.0
180.0
180.0
180.0
180.0
180.0
180.0
180.0
180.0
180.0
180.0
180.0
180.0
180.0
180.0
180.0
180.0
180.0
180.0
180.0
180.0
180.0
180.0
180.0
180.0
180.0
180.0
180.0
180.0
180.0
180.0
180.0
180.0
180.0
180.0
180.0
180.0
180.0
180.0
180.0
180.0
180.0
180.0
180.0
180.0
180.0
180.0
180.0
180.0
180.0
180.0
180.0
180.0
180.0
180.0
180.0
180.0
180.0
180.0
180.0
180.0
180.0
180.0
180.0
180.0
180.0
180.0
180.0
180.0
180.0
180.0
180.0
180.0
180.0
180.0
180.0
180.0
180.0
180.0
180.0
180.0
180.0
180.0
180.0
180.0
180.0
180.0
180.0
180.0
180.0
180.0
180.0
180.0
180.0
180.0
180.0
180.0
180.0
180.0
180.0
180.0
180.0
180.0
180.0
180.0
180.0
180.0
180.0
180.0
180.0
180.0
180.0
180.0
180.0
180.0
180.0
180.0
180.0
180.0
180.0
180.0
180.0
180.0
180.0
180.0
180.0
180.0
180.0
180.0
180.0
180.0
180.0
180.0
180.0
180.0
180.0
180.0
180.0
180.0
180.0
180.0
180.0
180.0
180.0
180.0
180.0
180.0
180.0
180.0
180.0
180.0
180.0
180.0
180.0
180.0
180.0
180.0
180.0
180.0
180.0
180.0
180.0
180.0
180.0
180.0
180.0
180.0
180.0
180.0
180.0
180.0
180.0
180.0
180.0
180.0
180.0
180.0
180.0
180.0
180.0
180.0
180.0
180.0
180.0
180.0
180.0
180.0
180.0
180.0
180.0
180.0
180.0
180.0
180.0
180.0
180.0
180.0
180.0
180.0
180.0
180.0
180.0
180.0
180.0
180.0
180.0
180.0
180.0
180.0
180.0
180.0
180.0
180.0
180.0
180.0
180.0
180.0
180.0
180.0
180.0
180.0
180.0
180.0
180.0
180.0
180.0
180.0
180.0
180.0
180.0
180.0
180.0
180.0
180.0
180.0
180.0
180.0
180.0
180.0
180.0
180.0
180.0
180.0
180.0
180.0
180.0
180.0
180.0
180.0
180.0
180.0
180.0
180.0
180.0
180.0
180.0
180.0
180.0
180.0
180.0
180.0
180.0
180.0
180.0
180.0
180.0
180.0
180.0
180.0
180.0
180.0
180.0
180.0
180.0
180.0
180.0
180.0
180.0
180.0
180.0
180.0
180.0
180.0
180.0
180.0
180.0
180.0
180.0
180.0
180.0
180.0
180.0
180.0
180.0
180.0
180.0
180.0
180.0
180.0
180.0
180.0
180.0
180.0
180.0
180.0
180.0
180.0
180.0
180.0
180.0
180.0
180.0
180.0
180.0
180.0
180.0
180.0
180.0
180.0
180.0
180.0
180.0
180.0
180.0
180.0
180.0
180.0
180.0
180.0
180.0
180.0
180.0
180.0
180.0
180.0
180.0
180.0
180.0
180.0
180.0
180.0
180.0
180.0
180.0
180.0
180.0
180.0
180.0
180.0
180.0
180.0
180.0
180.0
180.0
180.0
180.0
180.0
180.0
180.0
180.0
180.0
180.0
180.0
180.0
180.0
180.0
180.0
180.0
180.0
180.0
180.0
180.0
180.0
180.0
180.0
180.0
180.0
180.0
180.0
180.0
180.0
180.0
180.0
180.0
180.0
180.0
180.0
180.0
180.0
180.0
180.0
180.0
180.0
180.0
180.0
180.0
180.0
180.0
180.0
180.0
180.0
180.0
180.0
180.0
180.0
180.0
180.0
180.0
180.0
180.0
180.0
180.0
180.0
180.0
180.0
180.0
180.0
180.0
180.0
180.0
180.0
180.0
180.0
180.0
180.0
180.0
180.0
180.0
180.0
180.0
180.0
180.0
180.0
180.0
180.0
180.0
180.0
180.0
180.0
180.0
180.0
180.0
180.0
180.0
180.0
180.0
180.0
180.0
180.0
180.0
180.0
180.0
180.0
180.0
180.0
180.0
180.0
180.0
180.0
180.0
180.0
180.0
180.0
180.0
180.0
180.0
180.0
180.0
180.0
180.0
180.0
180.0
180.0
180.0
180.0
180.0
180.0
180.0
180.0
180.0
180.0
180.0
180.0
180.0
180.0
180.0
180.0
180.0
180.0
180.0
180.0
180.0
180.0
180.0
180.0
180.0
180.0
180.0
180.0
180.0
180.0
180.0
180.0
180.0
180.0
180.0
180.0
180.0
180.0
180.0
180.0
180.0
180.0
180.0
180.0
180.0
180.0
180.0
180.0
180.0
180.0
180.0
180.0
180.0
180.0
180.0
180.0
180.0
180.0
180.0
180.0
180.0
180.0
180.0
180.0
180.0
180.0
180.0
180.0
180.0
180.0
180.0
180.0
180.0
180.0
180.0
180.0
180.0
180.0
180.0
180.0
180.0
180.0
180.0
180.0
180.0
180.0
180.0
180.0
180.0
180.0
180.0
180.0
180.0
180.0
180.0
180.0
180.0
180.0
180.0
180.0
180.0
180.0
180.0
180.0
180.0
180.0
180.0
180.0
180.0
180.0
180.0
180.0
180.0
180.0
180.0
180.0
180.0
180.0
180.0
180.0
180.0
180.0
180.0
180.0
180.0
180.0
180.0
180.0
180.0
180.0
180.0
180.0
180.0
180.0
180.0
180.0
180.0
180.0
180.0
180.0
180.0
180.0
180.0
180.0
180.0
180.0
180.0
180.0
180.0
180.0
180.0
180.0
180.0
180.0
180.0
180.0
180.0
180.0
180.0
180.0
180.0
180.0
180.0
180.0
180.0
180.0
180.0
180.0
180.0
180.0
180.0
180.0
180.0
180.0
180.0
180.0
180.0
180.0
180.0
180.0
180.0
180.0
180.0
180.0
180.0
180.0
180.0
180.0
180.0
180.0
180.0
180.0
180.0
180.0
180.0
180.0
180.0
180.0
180.0
180.0
180.0
180.0
180.0
180.0
180.0
180.0
180.0
180.0
180.0
180.0
180.0
180.0
180.0
180.0
180.0
180.0
180.0
180.0
180.0
180.0
180.0
180.0
180.0
180.0
180.0
180.0
180.0
180.0
180.0
180.0
180.0
180.0
180.0
180.0
180.0
180.0
180.0
180.0
180.0
180.0
180.0
180.0
180.0
180.0
180.0
180.0
180.0
180.0
180.0
180.0
180.0
180.0
180.0
180.0
180.0
180.0
180.0
180.0
180.0
180.0
180.0
180.0
180.0
180.0
180.0
180.0
180.0
180.0
180.0
180.0
180.0
180.0
180.0
180.0
180.0
180.0
180.0
180.0
180.0
180.0
180.0
180.0
180.0
180.0
180.0
180.0
180.0
180.0
180.0
180.0
180.0
180.0
180.0
180.0
180.0
180.0
180.0
180.0
180.0
180.0
180.0
180.0
180.0
180.0
180.0
180.0
180.0
180.0
180.0
180.0
180.0
180.0
180.0
180.0
180.0
180.0
180.0
180.0
180.0
180.0
180.0
180.0
180.0
180.0
180.0
180.0
180.0
180.0
180.0
180.0
180.0
180.0
180.0
180.0
180.0
180.0
180.0
180.0
180.0
180.0
180.0
180.0
180.0
180.0
180.0
180.0
180.0
180.0
180.0
180.0
180.0
180.0
180.0
180.0
180.0
180.0
180.0
180.0
180.0
180.0
180.0
180.0
180.0
180.0
180.0
180.0
180.0
180.0
180.0
180.0
180.0
180.0
180.0
180.0
180.0
180.0
180.0
180.0
180.0
180.0
180.0
180.0
180.0
180.0
180.0
180.0
180.0
180.0
180.0
180.0
180.0
180.0
180.0
180.0
180.0
180.0
180.0
180.0
180.0
180.0
180.0
180.0
180.0
180.0
180.0
180.0
180.0
180.0
180.0
180.0
180.0
180.0
180.0
180.0
180.0
180.0
180.0
180.0
180.0
180.0
180.0
180.0
180.0
180.0
180.0
180.0
180.0
180.0
180.0
180.0
180.0
180.0
180.0
180.0
180.0
180.0
180.0
180.0
180.0
180.0
180.0
180.0
180.0
180.0
180.0
180.0
180.0
180.0
180.0
180.0
180.0
180.0
180.0
180.0
180.0
180.0
180.0
180.0
180.0
180.0
180.0
180.0
180.0
180.0
180.0
180.0
180.0
180.0
180.0
180.0
180.0
180.0
180.0
180.0
180.0
180.0
180.0
180.0
180.0
180.0
180.0
180.0
180.0
180.0
180.0
180.0
180.0
180.0
180.0
180.0
180.0
180.0
180.0
180.0
180.0
180.0
180.0
180.0
180.0
180.0
180.0
180.0
180.0
180.0
180.0
180.0
180.0
180.0
180.0
180.0
180.0
180.0
180.0
180.0
180.0
180.0
180.0
180.0
180.0
180.0
180.0
180.0
180.0
180.0
180.0
180.0
180.0
180.0
180.0
180.0
180.0
180.0
180.0
180.0
180.0
180.0
180.0
180.0
180.0
180.0
180.0
180.0
180.0
180.0
180.0
180.0
180.0
180.0
180.0
180.0
180.0
180.0
180.0
180.0
180.0
180.0
180.0
180.0
180.0
180.0
180.0
180.0
180.0
180.0
180.0
180.0
180.0
180.0
180.0
180.0
180.0
180.0
180.0
180.0
180.0
180.0
180.0
180.0
180.0
180.0
180.0
180.0
180.0
180.0
180.0
180.0
180.0
180.0
180.0
180.0
180.0
180.0
180.0
180.0
180.0
180.0
180.0
180.0
180.0
180.0
180.0
180.0
180.0
180.0
180.0
180.0
180.0
180.0
180.0
180.0
180.0
180.0
180.0
180.0
180.0
180.0
180.0
180.0
180.0
180.0
180.0
180.0
180.0
180.0
180.0
180.0
180.0
180.0
180.0
180.0
180.0
180.0
180.0
180.0
180.0
180.0
180.0
180.0
180.0
180.0
180.0
180.0
180.0
180.0
180.0
180.0
180.0
180.0
180.0
180.0
180.0
180.0
180.0
180.0
180.0
180.0
180.0
180.0
180.0
180.0
180.0
180.0
180.0
180.0
180.0
180.0
180.0
180.0
180.0
180.0
180.0
180.0
180.0
180.0
180.0
180.0
180.0
180.0
180.0
180.0
180.0
180.0
180.0
180.0
180.0
180.0
180.0
180.0
180.0
180.0
180.0
180.0
180.0
180.0
180.0
180.0
180.0
180.0
180.0
180.0
180.0
180.0
180.0
180.0
180.0
180.0
180.0
180.0
180.0
180.0
180.0
180.0
180.0
180.0
180.0
180.0
180.0
180.0
180.0
180.0
180.0
180.0
180.0
180.0
180.0
180.0
180.0
180.0
180.0
180.0
180.0
180.0
180.0
180.0
180.0
180.0
180.0
180.0
180.0
180.0
180.0
180.0
180.0
180.0
180.0
180.0
180.0
180.0
180.0
180.0
180.0
180.0
180.0
180.0
180.0
180.0
180.0
180.0
180.0
180.0
180.0
180.0
180.0
180.0
180.0
180.0
180.0
180.0
180.0
180.0
180.0
180.0
180.0
180.0
180.0
180.0
180.0
180.0
180.0
180.0
180.0
180.0
180.0
180.0
180.0
180.0
180.0
180.0
180.0
180.0
180.0
180.0
180.0
180.0
180.0
180.0
180.0
180.0
180.0
180.0
180.0
180.0
180.0
180.0
180.0
180.0
180.0
180.0
180.0
180.0
180.0
180.0
180.0
180.0
180.0
180.0
180.0
180.0
180.0
180.0
180.0
180.0
180.0
180.0
180.0
180.0
180.0
180.0
180.0
180.0
180.0
180.0
180.0
180.0
180.0
180.0
180.0
180.0
180.0
180.0
180.0
180.0
180.0
180.0
180.0
180.0
180.0
180.0
180.0
180.0
180.0
180.0
180.0
180.0
180.0
180.0
180.0
180.0
180.0
180.0
180.0
180.0
180.0
180.0
180.0
180.0
180.0
180.0
180.0
180.0
180.0
180.0
180.0
180.0
180.0
180.0
180.0
180.0
180.0
180.0
180.0
180.0
180.0
180.0
180.0
180.0
180.0
180.0
180.0
180.0
180.0
180.0
180.0
180.0
180.0
180.0
180.0
180.0
180.0
180.0
180.0
180.0
180.0
180.0
180.0
180.0
180.0
180.0
180.0
180.0
180.0
180.0
180.0
180.0
180.0
180.0
180.0
180.0
180.0
180.0
180.0
180.0
180.0
180.0
180.0
180.0
180.0
180.0
180.0
180.0
180.0
180.0
180.0
180.0
180.0
180.0
180.0
180.0
180.0
180.0
180.0
180.0
180.0
180.0
180.0
180.0
180.0
180.0
180.0
180.0
180.0
180.0
180.0
180.0
180.0
180.0
180.0
180.0
180.0
180.0
180.0
180.0
180.0
180.0
180.0
180.0
180.0
180.0
180.0
180.0
180.0
180.0
180.0
180.0
180.0
180.0
180.0
180.0
180.0
180.0
180.0
180.0
180.0
180.0
180.0
180.0
