0
0
0
0
0
0
0
0
0
0
0
0
0
0
0
0
0
0
0
0
0
0
0
0
0
0
0
0
0
0
0
0
0
0
0
0
0
0
0
0
0
0
0
0
0
0
0
0
0
0
0
0
0
0
0
0
0
0
0
0
0
0
0
0
0
0
0
0
0
0
0
0
0
0
0
0
0
0
0
0
0
0
0
0
0
0
0
0
0
0
0
0
0
0
0
0
0
0
0
0
0
0
0
0
0
0
0
0
0
0
0
0
0
0
0
0
0
0
0
0
0
0
0
0
0
0
0
0
0
0
0
0
0
0
0
0
0
0
0
0
0
0
0
0
0
0
0.9
0.9
0.9
0.9
0.9
0.9
0.9
0.9
0.9
0.9
0.9
0.9
0.9
0.9
0.9
0.9
0.9
0.9
0.9
0.9
0.9
0.9
0.9
0.9
0.9
0.9
0.9
0.9
0.9
0.9
0.9
0.9
0.9
0.9
0.9
0.9
0.9
0.9
0.9
0.9
0.9
0.9
0.9
0.9
0.9
0.9
0.9
0.9
0.9
0.9
0.9
0.9
0.9
0.9
0.9
0.9
0.9
0.9
0.9
0.9
0.9
0.9
0.9
0.9
0.9
0.9
0.9
0.9
0.9
0.9
0.9
0.9
0.9
0.9
0.9
0.9
0.9
0.9
0.9
0.9
0.9
0.9
0.9
0.9
0.9
0.9
0.9
0.9
0.9
0.9
0.9
0.9
0.9
0.9
0.9
0.9
0.9
0.9
0.9
0.9
0.9
0.9
0.9
0.9
0.9
0.9
0.9
0.9
0.9
0.9
0.9
0.9
0.9
0.9
0.9
0.9
0.9
0.9
0.9
0.9
0.9
0.9
0.9
0.9
1.8
1.8
1.8
1.8
1.8
1.8
1.8
1.8
1.8
1.8
1.8
1.8
1.8
1.8
1.8
1.8
1.8
1.8
1.8
1.8
1.8
1.8
1.8
1.8
1.8
1.8
1.8
1.8
1.8
1.8
2.7
2.7
2.7
2.7
2.7
2.7
2.7
2.7
2.7
2.7
2.7
2.7
2.7
2.7
2.7
2.7
2.7
2.7
2.7
2.7
2.7
2.7
2.7
2.7
3.6
3.6
3.6
3.6
3.6
3.6
3.6
3.6
3.6
3.6
3.6
3.6
3.6
3.6
3.6
4.5
4.5
4.5
4.5
4.5
4.5
4.5
4.5
4.5
4.5
4.5
4.5
4.5
4.5
4.5
4.5
4.5
4.5
4.5
4.5
4.5
5.4
5.4
5.4
5.4
5.4
5.4
5.4
5.4
5.4
5.4
6.3
6.3
6.3
6.3
6.3
6.3
6.3
6.3
6.3
6.3
7.2
7.2
7.2
7.2
7.2
7.2
7.2
7.2
7.2
7.2
8.1
8.1
9.0
9.0
9.0
9.0
9.0
9.0
9.0
9.0
9.0
9.0
9.0
9.0
9.0
9.0
9.0
9.9
9.9
9.9
9.9
9.9
10.8
10.8
10.8
10.8
10.8
10.8
10.8
10.8
10.8
10.8
11.7
11.7
11.7
11.7
11.7
11.7
11.7
11.7
11.7
11.7
12.6
12.6
12.6
12.6
12.6
12.6
12.6
12.6
12.6
12.6
12.6
12.6
12.6
12.6
12.6
13.5
13.5
13.5
13.5
13.5
13.5
13.5
13.5
13.5
13.5
13.5
14.4
14.4
14.4
14.4
14.4
14.4
14.4
14.4
14.4
14.4
15.3
15.3
15.3
15.3
15.3
15.3
15.3
15.3
15.3
15.3
15.3
15.3
15.3
15.3
15.3
16.2
16.2
16.2
16.2
16.2
16.2
16.2
16.2
16.2
16.2
16.2
16.2
16.2
16.2
16.2
16.2
16.2
16.2
16.2
16.2
16.2
16.2
16.2
16.2
16.2
16.2
16.2
16.2
16.2
16.2
16.2
16.2
17.1
17.1
17.1
17.1
17.1
17.1
17.1
17.1
17.1
17.1
17.1
17.1
17.1
17.1
17.1
17.1
17.1
17.1
17.1
17.1
17.1
17.1
17.1
17.1
17.1
17.1
17.1
17.1
17.1
17.1
17.1
17.1
17.1
17.1
17.1
17.1
17.1
17.1
17.1
17.1
17.1
17.1
17.1
17.1
17.1
17.1
17.1
18.0
18.0
18.0
18.0
18.0
18.0
18.0
18.0
18.0
18.0
18.0
18.0
18.0
18.0
18.0
18.0
18.0
18.0
18.0
18.0
18.0
18.0
18.0
18.0
18.0
18.0
18.0
18.0
18.0
18.0
18.0
18.0
18.9
18.9
18.9
18.9
18.9
18.9
18.9
18.9
18.9
18.9
18.9
18.9
18.9
18.9
18.9
18.9
18.9
18.9
18.9
18.9
19.8
19.8
19.8
19.8
19.8
19.8
19.8
19.8
19.8
19.8
20.7
20.7
20.7
20.7
20.7
20.7
20.7
20.7
20.7
20.7
21.6
21.6
21.6
21.6
21.6
21.6
21.6
21.6
21.6
21.6
22.5
22.5
22.5
22.5
22.5
23.4
23.4
23.4
23.4
23.4
23.4
23.4
23.4
23.4
23.4
23.4
23.4
23.4
23.4
23.4
24.3
24.3
24.3
24.3
24.3
25.2
25.2
25.2
25.2
25.2
26.1
26.1
26.1
26.1
26.1
26.1
26.1
26.1
26.1
26.1
26.1
27.0
27.0
27.0
27.0
27.0
27.0
27.0
27.9
27.9
27.9
27.9
27.9
27.9
27.9
27.9
27.9
27.9
28.8
28.8
28.8
28.8
28.8
28.8
28.8
28.8
28.8
28.8
29.7
29.7
29.7
29.7
29.7
29.7
29.7
29.7
29.7
29.7
30.6
30.6
30.6
30.6
30.6
30.6
30.6
30.6
30.6
30.6
31.5
31.5
31.5
31.5
31.5
31.5
31.5
31.5
31.5
31.5
31.5
31.5
31.5
31.5
31.5
31.5
32.4
32.4
32.4
32.4
32.4
32.4
32.4
32.4
32.4
32.4
32.4
32.4
32.4
32.4
32.4
32.4
32.4
32.4
32.4
32.4
32.4
32.4
32.4
32.4
32.4
32.4
32.4
32.4
32.4
32.4
32.4
32.4
32.4
32.4
32.4
32.4
32.4
32.4
32.4
32.4
32.4
32.4
32.4
32.4
32.4
32.4
32.4
32.4
32.4
33.3
33.3
33.3
33.3
33.3
33.3
33.3
33.3
33.3
33.3
33.3
33.3
33.3
33.3
33.3
33.3
33.3
33.3
33.3
33.3
33.3
33.3
33.3
33.3
33.3
33.3
33.3
33.3
33.3
33.3
33.3
33.3
33.3
33.3
33.3
33.3
33.3
34.2
34.2
34.2
34.2
34.2
34.2
34.2
34.2
34.2
34.2
34.2
34.2
34.2
34.2
34.2
34.2
34.2
34.2
34.2
34.2
34.2
34.2
34.2
34.2
34.2
34.2
34.2
34.2
34.2
34.2
34.2
34.2
35.1
35.1
35.1
35.1
35.1
35.1
35.1
35.1
35.1
35.1
35.1
35.1
35.1
35.1
35.1
35.1
36.0
36.0
36.0
36.0
36.0
36.0
36.0
36.9
36.9
36.9
36.9
36.9
36.9
36.9
36.9
36.9
36.9
36.9
36.9
36.9
36.9
36.9
37.8
37.8
37.8
37.8
37.8
37.8
37.8
37.8
37.8
37.8
38.7
38.7
38.7
38.7
38.7
39.6
39.6
39.6
39.6
39.6
39.6
39.6
39.6
39.6
39.6
40.5
40.5
40.5
40.5
40.5
40.5
40.5
40.5
40.5
40.5
40.5
41.4
41.4
41.4
41.4
41.4
42.3
42.3
42.3
42.3
42.3
42.3
42.3
42.3
42.3
42.3
42.3
42.3
42.3
42.3
42.3
43.2
43.2
43.2
43.2
43.2
43.2
43.2
43.2
43.2
43.2
44.1
44.1
44.1
44.1
44.1
45.0
45.0
45.0
45.0
45.0
45.0
45.0
45.9
45.9
45.9
45.9
45.9
45.9
45.9
45.9
45.9
45.9
46.8
46.8
46.8
46.8
46.8
46.8
46.8
46.8
46.8
46.8
46.8
47.7
47.7
47.7
47.7
47.7
47.7
47.7
47.7
47.7
47.7
48.6
48.6
48.6
48.6
48.6
48.6
48.6
48.6
48.6
48.6
48.6
48.6
48.6
48.6
48.6
49.5
49.5
49.5
49.5
49.5
49.5
49.5
49.5
49.5
49.5
49.5
49.5
49.5
49.5
49.5
49.5
49.5
49.5
49.5
49.5
50.4
50.4
50.4
50.4
50.4
50.4
50.4
50.4
50.4
50.4
50.4
50.4
50.4
50.4
50.4
50.4
50.4
50.4
50.4
50.4
50.4
50.4
50.4
50.4
50.4
50.4
50.4
50.4
50.4
50.4
50.4
50.4
50.4
50.4
50.4
50.4
50.4
50.4
50.4
50.4
50.4
50.4
50.4
50.4
50.4
50.4
50.4
50.4
50.4
50.4
50.4
50.4
50.4
50.4
50.4
50.4
50.4
50.4
50.4
50.4
50.4
50.4
50.4
50.4
50.4
50.4
50.4
50.4
51.3
51.3
51.3
51.3
51.3
51.3
51.3
51.3
51.3
51.3
51.3
51.3
51.3
51.3
51.3
51.3
51.3
51.3
51.3
51.3
51.3
51.3
51.3
51.3
51.3
51.3
51.3
51.3
52.2
52.2
52.2
52.2
52.2
52.2
52.2
52.2
52.2
52.2
52.2
52.2
52.2
52.2
52.2
52.2
52.2
52.2
52.2
52.2
52.2
52.2
52.2
52.2
52.2
52.2
53.1
53.1
53.1
53.1
53.1
53.1
53.1
53.1
53.1
54.0
54.0
54.0
54.0
54.0
54.9
54.9
54.9
54.9
54.9
54.9
54.9
54.9
54.9
54.9
54.9
55.8
55.8
55.8
55.8
55.8
55.8
55.8
55.8
55.8
55.8
56.7
56.7
56.7
56.7
56.7
57.6
57.6
57.6
57.6
57.6
57.6
57.6
57.6
57.6
57.6
58.5
58.5
58.5
58.5
58.5
58.5
58.5
58.5
58.5
58.5
59.4
59.4
59.4
59.4
59.4
59.4
59.4
59.4
59.4
59.4
60.3
60.3
60.3
60.3
60.3
61.2
61.2
61.2
61.2
61.2
61.2
61.2
61.2
61.2
61.2
61.2
61.2
61.2
61.2
61.2
62.1
62.1
62.1
62.1
62.1
62.1
62.1
62.1
62.1
62.1
63.0
63.0
63.0
63.0
63.0
63.9
63.9
63.9
63.9
63.9
63.9
63.9
63.9
64.8
64.8
64.8
64.8
64.8
64.8
64.8
64.8
64.8
64.8
64.8
64.8
64.8
64.8
64.8
64.8
64.8
64.8
64.8
64.8
65.7
65.7
65.7
65.7
65.7
65.7
65.7
65.7
65.7
65.7
65.7
65.7
65.7
65.7
65.7
65.7
65.7
65.7
65.7
65.7
65.7
65.7
65.7
65.7
65.7
66.6
66.6
66.6
66.6
66.6
66.6
66.6
66.6
66.6
66.6
66.6
66.6
66.6
66.6
66.6
66.6
66.6
66.6
66.6
66.6
66.6
66.6
66.6
66.6
66.6
66.6
66.6
66.6
66.6
66.6
66.6
66.6
66.6
66.6
66.6
66.6
66.6
66.6
66.6
66.6
66.6
66.6
66.6
66.6
66.6
66.6
66.6
66.6
66.6
66.6
66.6
66.6
66.6
66.6
66.6
66.6
66.6
66.6
67.5
67.5
67.5
67.5
67.5
67.5
67.5
67.5
67.5
67.5
67.5
67.5
67.5
67.5
67.5
67.5
67.5
67.5
67.5
67.5
67.5
67.5
67.5
67.5
67.5
67.5
67.5
68.4
68.4
68.4
68.4
68.4
68.4
68.4
68.4
68.4
68.4
68.4
68.4
68.4
68.4
68.4
68.4
68.4
68.4
68.4
68.4
68.4
69.3
69.3
69.3
69.3
69.3
69.3
69.3
69.3
69.3
69.3
69.3
69.3
69.3
69.3
69.3
70.2
70.2
70.2
70.2
70.2
70.2
70.2
70.2
70.2
70.2
71.1
71.1
71.1
71.1
71.1
71.1
71.1
71.1
71.1
71.1
72.0
72.0
72.0
72.0
72.0
72.0
72.9
72.9
72.9
72.9
72.9
73.8
73.8
73.8
73.8
73.8
73.8
73.8
73.8
73.8
73.8
74.7
74.7
74.7
74.7
74.7
74.7
74.7
74.7
74.7
74.7
75.6
75.6
75.6
75.6
75.6
76.5
76.5
76.5
76.5
76.5
76.5
76.5
76.5
76.5
76.5
77.4
77.4
77.4
77.4
77.4
77.4
77.4
77.4
77.4
77.4
77.4
78.3
78.3
78.3
78.3
78.3
78.3
78.3
78.3
78.3
78.3
79.2
79.2
79.2
79.2
79.2
79.2
79.2
79.2
79.2
79.2
80.1
80.1
80.1
80.1
80.1
80.1
80.1
80.1
80.1
80.1
81.0
81.0
81.0
81.0
81.0
81.0
81.0
81.0
81.0
81.0
81.0
81.0
81.0
81.0
81.0
81.0
81.0
81.9
81.9
81.9
81.9
81.9
81.9
81.9
81.9
81.9
81.9
81.9
81.9
81.9
81.9
81.9
81.9
82.8
82.8
82.8
82.8
82.8
82.8
82.8
82.8
82.8
82.8
82.8
82.8
82.8
82.8
82.8
82.8
82.8
82.8
82.8
82.8
82.8
82.8
82.8
82.8
82.8
82.8
82.8
82.8
82.8
82.8
82.8
82.8
82.8
82.8
82.8
82.8
82.8
82.8
82.8
82.8
82.8
82.8
82.8
82.8
82.8
82.8
82.8
82.8
82.8
82.8
82.8
82.8
82.8
82.8
82.8
82.8
82.8
82.8
82.8
82.8
82.8
82.8
82.8
82.8
83.7
83.7
83.7
83.7
83.7
83.7
83.7
83.7
83.7
83.7
83.7
83.7
83.7
83.7
83.7
83.7
83.7
83.7
83.7
83.7
83.7
83.7
83.7
83.7
83.7
83.7
83.7
84.6
84.6
84.6
84.6
84.6
84.6
84.6
84.6
84.6
84.6
84.6
84.6
84.6
84.6
84.6
84.6
84.6
84.6
84.6
84.6
85.5
85.5
85.5
85.5
85.5
85.5
85.5
85.5
85.5
85.5
85.5
85.5
85.5
85.5
85.5
86.4
86.4
86.4
86.4
86.4
86.4
86.4
86.4
86.4
86.4
87.3
87.3
87.3
87.3
87.3
88.2
88.2
88.2
88.2
88.2
88.2
88.2
88.2
88.2
88.2
88.2
89.1
89.1
89.1
89.1
89.1
89.1
89.1
89.1
89.1
89.1
90.0
90.0
90.0
90.0
90.0
90.9
90.9
90.9
90.9
90.9
90.9
90.9
90.9
90.9
90.9
90.9
90.9
90.9
90.9
91.8
91.8
91.8
91.8
91.8
91.8
91.8
91.8
91.8
91.8
91.8
92.7
92.7
92.7
92.7
92.7
93.6
93.6
93.6
93.6
93.6
94.5
94.5
94.5
94.5
94.5
94.5
94.5
94.5
94.5
94.5
95.4
95.4
95.4
95.4
95.4
95.4
95.4
95.4
95.4
95.4
96.3
96.3
96.3
96.3
96.3
96.3
96.3
96.3
96.3
96.3
97.2
97.2
97.2
97.2
97.2
97.2
97.2
97.2
97.2
97.2
97.2
97.2
97.2
97.2
97.2
98.1
98.1
98.1
98.1
98.1
98.1
98.1
98.1
98.1
98.1
98.1
98.1
98.1
98.1
98.1
98.1
99.0
99.0
99.0
99.0
99.0
99.0
99.0
99.0
99.0
99.0
99.0
99.0
99.0
99.0
99.0
99.0
99.0
99.0
99.0
99.0
99.0
99.0
99.0
99.0
99.0
99.0
99.0
99.0
99.0
99.0
99.0
99.0
99.0
99.0
99.0
99.0
99.0
99.0
99.0
99.0
99.0
99.0
99.0
99.0
99.0
99.0
99.0
99.0
99.0
99.0
99.0
99.0
99.0
99.0
99.0
99.0
99.0
99.0
99.9
99.9
99.9
99.9
99.9
99.9
99.9
99.9
99.9
99.9
99.9
99.9
99.9
99.9
99.9
99.9
99.9
99.9
99.9
99.9
99.9
99.9
99.9
99.9
99.9
99.9
99.9
99.9
99.9
99.9
99.9
99.9
100.8
100.8
100.8
100.8
100.8
100.8
100.8
100.8
100.8
100.8
100.8
100.8
100.8
100.8
100.8
100.8
100.8
100.8
100.8
100.8
100.8
100.8
100.8
100.8
100.8
101.7
101.7
101.7
101.7
101.7
101.7
101.7
101.7
101.7
101.7
101.7
101.7
101.7
101.7
101.7
101.7
101.7
101.7
101.7
101.7
102.6
102.6
102.6
102.6
102.6
102.6
102.6
102.6
102.6
102.6
102.6
103.5
103.5
103.5
103.5
103.5
103.5
103.5
103.5
103.5
103.5
104.4
104.4
104.4
104.4
104.4
105.3
105.3
105.3
105.3
105.3
105.3
105.3
105.3
105.3
105.3
106.2
106.2
106.2
106.2
106.2
106.2
106.2
106.2
106.2
106.2
107.1
107.1
107.1
107.1
107.1
108.0
108.0
108.0
108.0
108.0
108.0
108.0
108.0
108.0
108.0
108.9
108.9
108.9
108.9
108.9
108.9
108.9
108.9
108.9
108.9
109.8
109.8
109.8
109.8
109.8
110.7
110.7
110.7
110.7
110.7
110.7
110.7
110.7
111.6
111.6
111.6
111.6
111.6
111.6
111.6
111.6
111.6
111.6
111.6
111.6
111.6
111.6
111.6
111.6
111.6
111.6
111.6
111.6
112.5
112.5
112.5
112.5
112.5
113.4
113.4
113.4
113.4
113.4
113.4
113.4
113.4
113.4
113.4
113.4
113.4
113.4
113.4
113.4
114.3
114.3
114.3
114.3
114.3
114.3
114.3
114.3
114.3
114.3
114.3
114.3
114.3
114.3
114.3
114.3
114.3
114.3
114.3
114.3
114.3
114.3
114.3
114.3
114.3
114.3
114.3
114.3
114.3
114.3
114.3
114.3
114.3
114.3
114.3
114.3
114.3
114.3
114.3
114.3
114.3
114.3
114.3
114.3
114.3
114.3
114.3
114.3
114.3
114.3
114.3
114.3
115.2
115.2
115.2
115.2
115.2
115.2
115.2
115.2
115.2
115.2
115.2
115.2
115.2
115.2
115.2
115.2
115.2
115.2
115.2
115.2
115.2
115.2
115.2
115.2
115.2
115.2
115.2
115.2
115.2
115.2
115.2
116.1
116.1
116.1
116.1
116.1
116.1
116.1
116.1
116.1
116.1
116.1
116.1
116.1
116.1
116.1
116.1
116.1
116.1
116.1
116.1
116.1
116.1
116.1
116.1
116.1
116.1
116.1
116.1
117.0
117.0
117.0
117.0
117.0
117.0
117.0
117.0
117.0
117.0
117.0
117.0
117.0
117.0
117.0
117.0
117.0
117.0
117.0
117.0
117.9
117.9
117.9
117.9
117.9
117.9
117.9
117.9
117.9
117.9
118.8
118.8
118.8
118.8
118.8
118.8
118.8
118.8
118.8
118.8
119.7
120.6
120.6
120.6
120.6
120.6
120.6
120.6
120.6
120.6
120.6
120.6
120.6
120.6
120.6
120.6
121.5
121.5
121.5
121.5
121.5
121.5
121.5
121.5
121.5
121.5
121.5
121.5
121.5
121.5
121.5
122.4
122.4
122.4
122.4
122.4
123.3
123.3
123.3
123.3
123.3
124.2
124.2
124.2
124.2
124.2
124.2
124.2
124.2
124.2
124.2
125.1
125.1
125.1
125.1
125.1
125.1
125.1
125.1
125.1
125.1
126.0
126.0
126.0
126.0
126.0
126.9
126.9
126.9
126.9
126.9
126.9
126.9
126.9
126.9
126.9
127.8
127.8
127.8
127.8
127.8
127.8
127.8
127.8
127.8
127.8
128.7
128.7
128.7
128.7
128.7
128.7
128.7
128.7
128.7
128.7
128.7
128.7
128.7
129.6
129.6
129.6
129.6
129.6
129.6
129.6
129.6
129.6
129.6
130.5
130.5
130.5
130.5
130.5
130.5
130.5
130.5
130.5
130.5
130.5
130.5
130.5
130.5
130.5
130.5
130.5
130.5
130.5
130.5
130.5
130.5
130.5
130.5
130.5
130.5
130.5
130.5
130.5
130.5
130.5
130.5
130.5
130.5
130.5
130.5
130.5
130.5
130.5
130.5
130.5
130.5
130.5
130.5
130.5
130.5
130.5
130.5
130.5
130.5
130.5
130.5
130.5
130.5
130.5
130.5
130.5
130.5
130.5
130.5
130.5
130.5
130.5
130.5
130.5
130.5
131.4
131.4
131.4
131.4
131.4
131.4
131.4
131.4
131.4
131.4
131.4
131.4
131.4
131.4
131.4
131.4
131.4
131.4
131.4
131.4
131.4
131.4
131.4
131.4
131.4
131.4
131.4
131.4
131.4
132.3
132.3
132.3
132.3
132.3
132.3
132.3
132.3
132.3
132.3
132.3
132.3
132.3
132.3
132.3
132.3
132.3
132.3
132.3
132.3
132.3
132.3
132.3
132.3
132.3
132.3
132.3
132.3
133.2
133.2
133.2
133.2
133.2
133.2
133.2
133.2
133.2
133.2
134.1
134.1
134.1
134.1
134.1
134.1
134.1
134.1
134.1
134.1
134.1
134.1
134.1
134.1
134.1
135.0
135.0
135.0
135.0
135.0
135.9
135.9
135.9
135.9
135.9
135.9
135.9
135.9
135.9
135.9
136.8
136.8
136.8
136.8
136.8
136.8
136.8
136.8
136.8
136.8
137.7
137.7
137.7
137.7
137.7
138.6
138.6
138.6
138.6
138.6
138.6
138.6
138.6
139.5
139.5
139.5
139.5
139.5
139.5
139.5
139.5
139.5
139.5
140.4
140.4
140.4
140.4
140.4
140.4
140.4
140.4
140.4
140.4
141.3
141.3
141.3
141.3
141.3
141.3
141.3
141.3
141.3
141.3
141.3
141.3
141.3
141.3
141.3
142.2
142.2
142.2
142.2
142.2
143.1
143.1
143.1
143.1
143.1
143.1
143.1
143.1
143.1
143.1
144.0
144.0
144.0
144.0
144.0
144.0
144.0
144.0
144.0
144.0
144.9
144.9
144.9
144.9
144.9
144.9
144.9
144.9
144.9
144.9
144.9
144.9
144.9
144.9
144.9
144.9
145.8
145.8
145.8
145.8
145.8
145.8
145.8
145.8
145.8
145.8
145.8
145.8
145.8
145.8
145.8
145.8
145.8
145.8
145.8
145.8
145.8
145.8
145.8
145.8
145.8
145.8
145.8
145.8
145.8
145.8
145.8
145.8
145.8
145.8
145.8
145.8
145.8
145.8
145.8
145.8
145.8
145.8
145.8
145.8
145.8
145.8
145.8
145.8
145.8
145.8
145.8
145.8
145.8
145.8
145.8
145.8
145.8
145.8
146.7
146.7
146.7
146.7
146.7
146.7
146.7
146.7
146.7
146.7
146.7
146.7
146.7
146.7
146.7
146.7
146.7
146.7
146.7
146.7
146.7
146.7
146.7
146.7
146.7
146.7
146.7
146.7
147.6
147.6
147.6
147.6
147.6
147.6
147.6
147.6
147.6
147.6
147.6
147.6
147.6
147.6
147.6
147.6
147.6
147.6
147.6
147.6
147.6
147.6
147.6
147.6
148.5
148.5
148.5
148.5
148.5
148.5
148.5
148.5
148.5
148.5
148.5
148.5
148.5
148.5
148.5
149.4
149.4
149.4
149.4
149.4
149.4
149.4
149.4
149.4
149.4
149.4
149.4
149.4
149.4
149.4
149.4
150.3
150.3
150.3
150.3
150.3
150.3
150.3
150.3
150.3
150.3
151.2
151.2
151.2
151.2
151.2
151.2
151.2
151.2
151.2
151.2
151.2
151.2
151.2
151.2
151.2
152.1
152.1
152.1
152.1
152.1
152.1
152.1
152.1
152.1
152.1
153.9
153.9
153.9
153.9
153.9
153.9
153.9
153.9
153.9
153.9
154.8
154.8
154.8
154.8
154.8
154.8
154.8
154.8
154.8
154.8
155.7
155.7
155.7
155.7
155.7
156.6
156.6
156.6
156.6
156.6
156.6
156.6
156.6
156.6
156.6
157.5
157.5
157.5
157.5
157.5
157.5
157.5
157.5
158.4
158.4
158.4
158.4
158.4
159.3
159.3
159.3
159.3
159.3
159.3
159.3
159.3
159.3
159.3
159.3
159.3
159.3
159.3
159.3
160.2
160.2
160.2
160.2
160.2
160.2
160.2
160.2
160.2
160.2
161.1
161.1
161.1
161.1
161.1
161.1
161.1
161.1
161.1
161.1
161.1
161.1
161.1
161.1
161.1
161.1
161.1
161.1
161.1
161.1
162.0
162.0
162.0
162.0
162.0
162.0
162.0
162.0
162.0
162.0
162.0
162.0
162.0
162.0
162.0
162.0
162.0
162.0
162.0
162.0
162.0
162.0
162.0
162.0
162.0
162.0
162.0
162.0
162.0
162.0
162.0
162.0
162.0
162.0
162.0
162.0
162.0
162.0
162.0
162.0
162.0
162.0
162.0
162.0
162.0
162.0
162.0
162.0
162.0
162.0
162.0
162.0
162.0
162.0
162.0
162.9
162.9
162.9
162.9
162.9
162.9
162.9
162.9
162.9
162.9
162.9
162.9
162.9
162.9
162.9
162.9
162.9
162.9
162.9
162.9
162.9
162.9
162.9
162.9
162.9
162.9
162.9
162.9
162.9
162.9
162.9
162.9
163.8
163.8
163.8
163.8
163.8
163.8
163.8
163.8
163.8
163.8
163.8
163.8
163.8
163.8
163.8
163.8
163.8
163.8
163.8
163.8
163.8
163.8
163.8
163.8
164.7
164.7
164.7
164.7
164.7
164.7
164.7
164.7
164.7
164.7
164.7
164.7
164.7
164.7
164.7
164.7
164.7
164.7
164.7
164.7
165.6
165.6
165.6
165.6
165.6
165.6
165.6
165.6
165.6
165.6
166.5
166.5
166.5
166.5
166.5
167.4
167.4
167.4
167.4
167.4
168.3
168.3
168.3
168.3
168.3
168.3
168.3
168.3
168.3
168.3
168.3
168.3
168.3
168.3
168.3
169.2
169.2
169.2
169.2
169.2
169.2
169.2
169.2
169.2
169.2
169.2
170.1
170.1
170.1
170.1
170.1
171.0
171.0
171.0
171.0
171.0
171.0
171.0
171.0
171.0
171.0
171.9
171.9
171.9
171.9
171.9
171.9
171.9
171.9
171.9
171.9
171.9
171.9
171.9
171.9
171.9
172.8
172.8
172.8
172.8
172.8
172.8
172.8
172.8
172.8
172.8
173.7
173.7
173.7
173.7
173.7
174.6
174.6
174.6
174.6
174.6
174.6
174.6
174.6
174.6
174.6
175.5
175.5
175.5
175.5
175.5
175.5
175.5
175.5
175.5
175.5
175.5
175.5
176.4
176.4
176.4
176.4
176.4
176.4
176.4
176.4
176.4
176.4
176.4
176.4
176.4
176.4
176.4
176.4
176.4
176.4
176.4
176.4
176.4
176.4
176.4
176.4
176.4
176.4
176.4
176.4
176.4
176.4
176.4
176.4
176.4
176.4
176.4
176.4
176.4
176.4
176.4
176.4
176.4
176.4
176.4
176.4
176.4
176.4
176.4
176.4
176.4
176.4
176.4
176.4
176.4
176.4
176.4
176.4
176.4
176.4
176.4
176.4
176.4
176.4
176.4
176.4
176.4
176.4
176.4
176.4
176.4
176.4
176.4
176.4
176.4
176.4
176.4
176.4
176.4
176.4
176.4
176.4
176.4
176.4
176.4
176.4
176.4
177.3
177.3
177.3
177.3
177.3
177.3
177.3
177.3
177.3
177.3
177.3
177.3
177.3
177.3
177.3
177.3
177.3
177.3
177.3
177.3
177.3
177.3
177.3
177.3
177.3
177.3
177.3
177.3
177.3
177.3
177.3
177.3
177.3
177.3
177.3
177.3
177.3
177.3
177.3
177.3
177.3
177.3
177.3
177.3
177.3
177.3
177.3
177.3
177.3
177.3
177.3
177.3
177.3
177.3
177.3
177.3
177.3
177.3
177.3
177.3
177.3
177.3
177.3
177.3
177.3
177.3
177.3
177.3
177.3
177.3
177.3
177.3
177.3
177.3
177.3
177.3
177.3
177.3
177.3
177.3
177.3
177.3
177.3
177.3
177.3
177.3
177.3
177.3
177.3
177.3
177.3
177.3
178.2
178.2
178.2
178.2
178.2
178.2
178.2
178.2
178.2
178.2
178.2
178.2
178.2
178.2
178.2
178.2
178.2
178.2
178.2
178.2
178.2
178.2
178.2
178.2
178.2
178.2
178.2
178.2
178.2
178.2
178.2
178.2
178.2
178.2
178.2
178.2
178.2
178.2
178.2
178.2
178.2
178.2
178.2
178.2
178.2
178.2
178.2
178.2
178.2
178.2
178.2
178.2
178.2
178.2
178.2
178.2
178.2
178.2
178.2
178.2
178.2
178.2
178.2
178.2
178.2
178.2
178.2
178.2
178.2
178.2
178.2
178.2
178.2
178.2
178.2
178.2
178.2
178.2
178.2
178.2
178.2
178.2
178.2
178.2
178.2
179.1
179.1
179.1
179.1
179.1
179.1
179.1
179.1
179.1
179.1
179.1
179.1
179.1
179.1
179.1
179.1
179.1
179.1
179.1
179.1
179.1
179.1
179.1
179.1
179.1
179.1
179.1
179.1
179.1
179.1
179.1
179.1
179.1
179.1
179.1
179.1
179.1
179.1
179.1
179.1
179.1
179.1
179.1
179.1
179.1
179.1
179.1
179.1
179.1
179.1
179.1
179.1
179.1
179.1
179.1
179.1
179.1
179.1
179.1
179.1
179.1
179.1
179.1
179.1
179.1
179.1
179.1
179.1
179.1
179.1
179.1
179.1
179.1
179.1
179.1
179.1
179.1
179.1
179.1
179.1
179.1
179.1
179.1
179.1
179.1
179.1
179.1
179.1
179.1
179.1
179.1
179.1
179.1
179.1
179.1
179.1
179.1
179.1
179.1
179.1
179.1
179.1
179.1
179.1
179.1
179.1
179.1
179.1
179.1
179.1
179.1
179.1
179.1
179.1
179.1
179.1
179.1
179.1
179.1
179.1
179.1
179.1
179.1
179.1
179.1
179.1
179.1
179.1
179.1
179.1
179.1
179.1
179.1
179.1
179.1
179.1
179.1
179.1
179.1
179.1
179.1
179.1
179.1
179.1
179.1
179.1
179.1
179.1
179.1
179.1
179.1
179.1
179.1
179.1
179.1
179.1
179.1
179.1
179.1
179.1
179.1
179.1
179.1
179.1
179.1
179.1
179.1
179.1
179.1
179.1
179.1
179.1
179.1
179.1
179.1
179.1
179.1
179.1
179.1
179.1
179.1
179.1
179.1
179.1
179.1
179.1
179.1
179.1
179.1
179.1
179.1
179.1
179.1
179.1
179.1
179.1
179.1
179.1
179.1
179.1
179.1
179.1
179.1
179.1
179.1
179.1
179.1
179.1
179.1
179.1
179.1
179.1
179.1
179.1
179.1
179.1
179.1
179.1
179.1
179.1
179.1
179.1
179.1
179.1
179.1
179.1
179.1
179.1
179.1
179.1
179.1
179.1
179.1
179.1
179.1
179.1
179.1
179.1
179.1
179.1
179.1
179.1
179.1
179.1
179.1
179.1
179.1
179.1
179.1
179.1
179.1
179.1
179.1
180.0
180.0
180.0
180.0
180.0
180.0
180.0
180.0
180.0
180.0
180.0
180.0
180.0
180.0
180.0
180.0
180.0
180.0
180.0
180.0
180.0
180.0
180.0
180.0
180.0
180.0
180.0
180.0
180.0
180.0
180.0
180.0
180.0
180.0
180.0
180.0
180.0
180.0
180.0
180.0
180.0
180.0
180.0
180.0
180.0
180.0
180.0
180.0
180.0
180.0
180.0
180.0
180.0
180.0
180.0
180.0
180.0
180.0
180.0
180.0
180.0
180.0
180.0
180.0
180.0
180.0
180.0
180.0
180.0
180.0
180.0
180.0
180.0
180.0
180.0
180.0
180.0
180.0
180.0
180.0
180.0
180.0
180.0
180.0
180.0
180.0
180.0
180.0
180.0
180.0
180.0
180.0
180.0
180.0
180.0
180.0
180.0
180.0
180.0
180.0
180.0
180.0
180.0
180.0
180.0
180.0
180.0
180.0
180.0
180.0
180.0
180.0
180.0
180.0
180.0
180.0
180.0
180.0
180.0
180.0
180.0
180.0
180.0
180.0
180.0
180.0
180.0
180.0
180.0
180.0
180.0
180.0
180.0
180.0
180.0
180.0
180.0
180.0
180.0
180.0
180.0
180.0
180.0
180.0
180.0
180.0
180.0
180.0
180.0
180.0
180.0
180.0
180.0
180.0
180.0
180.0
180.0
180.0
180.0
180.0
180.0
180.0
180.0
180.0
180.0
180.0
180.0
180.0
180.0
180.0
180.0
180.0
180.0
180.0
180.0
180.0
180.0
180.0
180.0
180.0
180.0
180.0
180.0
180.0
180.0
180.0
180.0
180.0
180.0
180.0
180.0
180.0
180.0
180.0
180.0
180.0
180.0
180.0
180.0
180.0
180.0
180.0
180.0
180.0
180.0
180.0
180.0
180.0
180.0
180.0
180.0
180.0
180.0
180.0
180.0
180.0
180.0
180.0
180.0
180.0
180.0
180.0
180.0
180.0
180.0
180.0
180.0
180.0
180.0
180.0
180.0
180.0
180.0
180.0
180.0
180.0
180.0
180.0
180.0
180.0
180.0
180.0
180.0
180.0
180.0
180.0
180.0
180.0
180.0
180.0
180.0
180.0
180.0
180.0
180.0
180.0
180.0
180.0
180.0
180.0
180.0
180.0
180.0
180.0
180.0
180.0
180.0
180.0
180.0
180.0
180.0
180.0
180.0
180.0
180.0
180.0
180.0
180.0
180.0
180.0
180.0
180.0
180.0
180.0
180.0
180.0
180.0
180.0
180.0
180.0
180.0
180.0
180.0
180.0
180.0
180.0
180.0
180.0
180.0
180.0
180.0
180.0
180.0
180.0
180.0
180.0
180.0
180.0
180.0
180.0
180.0
180.0
180.0
180.0
180.0
180.0
180.0
180.0
180.0
180.0
180.0
180.0
180.0
180.0
180.0
180.0
180.0
180.0
180.0
180.0
180.0
180.0
180.0
180.0
180.0
180.0
180.0
180.0
180.0
180.0
180.0
180.0
180.0
180.0
180.0
180.0
180.0
180.0
180.0
180.0
180.0
180.0
180.0
180.0
180.0
180.0
180.0
180.0
180.0
180.0
180.0
180.0
180.0
180.0
180.0
180.0
180.0
180.0
180.0
180.0
180.0
180.0
180.0
180.0
180.0
180.0
180.0
180.0
180.0
180.0
180.0
180.0
180.0
180.0
180.0
180.0
180.0
180.0
180.0
180.0
180.0
180.0
180.0
180.0
180.0
180.0
180.0
180.0
180.0
180.0
180.0
180.0
180.0
180.0
180.0
180.0
180.0
180.0
180.0
180.0
180.0
180.0
180.0
180.0
180.0
180.0
180.0
180.0
180.0
180.0
180.0
180.0
180.0
180.0
180.0
180.0
180.0
180.0
180.0
180.0
180.0
180.0
180.0
180.0
180.0
180.0
180.0
180.0
180.0
180.0
180.0
180.0
180.0
180.0
180.0
180.0
180.0
180.0
180.0
180.0
180.0
180.0
180.0
180.0
180.0
180.0
180.0
180.0
180.0
180.0
180.0
180.0
180.0
180.0
180.0
180.0
180.0
180.0
180.0
180.0
180.0
180.0
180.0
180.0
180.0
180.0
180.0
180.0
180.0
180.0
180.0
180.0
180.0
180.0
180.0
180.0
180.0
180.0
180.0
180.0
180.0
180.0
180.0
180.0
180.0
180.0
180.0
180.0
180.0
180.0
180.0
180.0
180.0
180.0
180.0
180.0
180.0
180.0
180.0
180.0
180.0
180.0
180.0
180.0
180.0
180.0
180.0
180.0
180.0
180.0
180.0
180.0
180.0
180.0
180.0
180.0
180.0
180.0
180.0
180.0
180.0
180.0
180.0
180.0
180.0
180.0
180.0
180.0
180.0
180.0
180.0
180.0
180.0
180.0
180.0
180.0
180.0
180.0
180.0
180.0
180.0
180.0
180.0
180.0
180.0
180.0
180.0
180.0
180.0
180.0
180.0
180.0
180.0
180.0
180.0
180.0
180.0
180.0
180.0
180.0
180.0
180.0
180.0
180.0
180.0
180.0
180.0
180.0
180.0
180.0
180.0
180.0
180.0
180.0
180.0
180.0
180.0
180.0
180.0
180.0
180.0
180.0
180.0
180.0
180.0
180.0
180.0
180.0
180.0
180.0
180.0
180.0
180.0
180.0
180.0
180.0
180.0
180.0
180.0
180.0
180.0
180.0
180.0
180.0
180.0
180.0
180.0
180.0
180.0
180.0
180.0
180.0
180.0
180.0
180.0
180.0
180.0
180.0
180.0
180.0
180.0
180.0
180.0
180.0
180.0
180.0
180.0
180.0
180.0
180.0
180.0
180.0
180.0
180.0
180.0
180.0
180.0
180.0
180.0
180.0
180.0
180.0
180.0
180.0
180.0
180.0
180.0
180.0
180.0
180.0
180.0
180.0
180.0
180.0
180.0
180.0
180.0
180.0
180.0
180.0
180.0
180.0
180.0
180.0
180.0
180.0
180.0
180.0
180.0
180.0
180.0
180.0
180.0
180.0
180.0
180.0
180.0
180.0
180.0
180.0
180.0
180.0
180.0
180.0
180.0
180.0
180.0
180.0
180.0
180.0
180.0
180.0
180.0
180.0
180.0
180.0
180.0
180.0
180.0
180.0
180.0
180.0
180.0
180.0
180.0
180.0
180.0
180.0
180.0
180.0
180.0
180.0
180.0
180.0
180.0
180.0
180.0
180.0
180.0
180.0
180.0
180.0
180.0
180.0
180.0
180.0
180.0
180.0
180.0
180.0
180.0
180.0
180.0
180.0
180.0
180.0
180.0
180.0
180.0
180.0
180.0
180.0
180.0
180.0
180.0
180.0
180.0
180.0
180.0
180.0
180.0
180.0
180.0
180.0
180.0
180.0
180.0
180.0
180.0
180.0
180.0
180.0
180.0
180.0
180.0
180.0
180.0
180.0
180.0
180.0
180.0
180.0
180.0
180.0
180.0
180.0
180.0
180.0
180.0
180.0
180.0
180.0
180.0
180.0
180.0
180.0
180.0
180.0
180.0
180.0
180.0
180.0
180.0
180.0
180.0
180.0
180.0
180.0
180.0
180.0
180.0
180.0
180.0
180.0
180.0
180.0
180.0
180.0
180.0
180.0
180.0
180.0
180.0
180.0
180.0
180.0
180.0
180.0
180.0
180.0
180.0
180.0
180.0
180.0
180.0
180.0
180.0
180.0
180.0
180.0
180.0
180.0
180.0
180.0
180.0
180.0
180.0
180.0
180.0
180.0
180.0
180.0
180.0
180.0
180.0
180.0
180.0
180.0
180.0
180.0
180.0
180.0
180.0
180.0
180.0
180.0
180.0
180.0
180.0
180.0
180.0
180.0
180.0
180.0
180.0
180.0
180.0
180.0
180.0
180.0
180.0
180.0
180.0
180.0
180.0
180.0
180.0
180.0
180.0
180.0
180.0
180.0
180.0
180.0
180.0
180.0
180.0
180.0
180.0
180.0
180.0
180.0
180.0
180.0
180.0
180.0
180.0
180.0
180.0
180.0
180.0
180.0
180.0
180.0
180.0
180.0
180.0
180.0
180.0
180.0
180.0
180.0
180.0
180.0
180.0
180.0
180.0
180.0
180.0
180.0
180.0
180.0
180.0
180.0
180.0
180.0
180.0
180.0
180.0
180.0
180.0
180.0
180.0
180.0
180.0
180.0
180.0
180.0
180.0
180.0
180.0
180.0
180.0
180.0
180.0
180.0
180.0
180.0
180.0
180.0
180.0
180.0
180.0
180.0
180.0
180.0
180.0
180.0
180.0
180.0
180.0
180.0
180.0
180.0
180.0
180.0
180.0
180.0
180.0
180.0
180.0
180.0
180.0
180.0
180.0
180.0
180.0
180.0
180.0
180.0
180.0
180.0
180.0
180.0
180.0
180.0
180.0
180.0
180.0
180.0
180.0
180.0
180.0
180.0
180.0
180.0
180.0
180.0
180.0
180.0
180.0
180.0
180.0
180.0
180.0
180.0
180.0
180.0
180.0
180.0
180.0
180.0
180.0
180.0
180.0
180.0
180.0
180.0
180.0
180.0
180.0
180.0
180.0
180.0
180.0
180.0
180.0
180.0
180.0
180.0
180.0
180.0
180.0
180.0
180.0
180.0
180.0
180.0
180.0
180.0
180.0
180.0
180.0
180.0
180.0
180.0
180.0
180.0
180.0
180.0
180.0
180.0
180.0
180.0
180.0
180.0
180.0
180.0
180.0
180.0
180.0
180.0
180.0
180.0
180.0
180.0
180.0
180.0
180.0
180.0
180.0
180.0
180.0
180.0
180.0
180.0
180.0
180.0
180.0
180.0
180.0
180.0
180.0
180.0
180.0
180.0
180.0
180.0
180.0
180.0
180.0
180.0
180.0
180.0
180.0
180.0
180.0
180.0
180.0
180.0
180.0
180.0
180.0
180.0
180.0
180.0
180.0
180.0
180.0
180.0
180.0
180.0
180.0
180.0
180.0
180.0
180.0
180.0
180.0
180.0
180.0
180.0
180.0
180.0
180.0
180.0
180.0
180.0
180.0
180.0
180.0
180.0
180.0
180.0
180.0
180.0
180.0
180.0
180.0
180.0
180.0
180.0
180.0
180.0
180.0
180.0
180.0
180.0
180.0
180.0
180.0
180.0
180.0
180.0
180.0
180.0
180.0
180.0
180.0
180.0
180.0
180.0
180.0
180.0
180.0
180.0
180.0
180.0
180.0
180.0
180.0
180.0
180.0
180.0
180.0
180.0
180.0
180.0
180.0
180.0
180.0
180.0
180.0
180.0
180.0
180.0
180.0
180.0
180.0
180.0
180.0
180.0
180.0
180.0
180.0
180.0
180.0
180.0
180.0
180.0
180.0
180.0
180.0
180.0
180.0
180.0
180.0
180.0
180.0
180.0
180.0
180.0
180.0
180.0
180.0
180.0
180.0
180.0
180.0
180.0
180.0
180.0
180.0
180.0
180.0
180.0
180.0
180.0
180.0
180.0
180.0
180.0
180.0
180.0
180.0
180.0
180.0
180.0
180.0
180.0
180.0
180.0
180.0
180.0
180.0
180.0
180.0
180.0
180.0
180.0
180.0
180.0
180.0
180.0
180.0
180.0
180.0
180.0
180.0
180.0
180.0
180.0
180.0
180.0
180.0
180.0
180.0
180.0
180.0
180.0
180.0
180.0
180.0
180.0
180.0
180.0
180.0
180.0
180.0
180.0
180.0
180.0
180.0
180.0
180.0
