0.0
0.00017188733853924697
0.0006875493541569879
0.0015469860468532227
0.0027501974166279516
0.004297183463481175
0.006187944187412891
0.008422479588423102
0.011000789666511806
0.013922874421679008
0.0171887338539247
0.020798367963248878
0.024751776749651563
0.029048960213132743
0.03368991835369241
0.03867465117133057
0.044003158666047225
0.04967544083784238
0.05569149768671603
0.062051329212668156
0.0687549354156988
0.07580231629580793
0.08319347185299551
0.09092840208726163
0.09900710699860625
0.10742958658702938
0.11619584085253097
0.12530586979511102
0.13475967341476963
0.1445572517115067
0.1546986046853223
0.16518373233621633
0.1760126346641889
0.18718531166923996
0.19870176335136952
0.21056198971057755
0.22276599074686412
0.23531376646022908
0.24820531685067262
0.26144064191819466
0.2750197416627952
0.2889426160844742
0.3032092651832317
0.31781968895906776
0.33277388741198205
0.3480718605419751
0.36371360834904654
0.37969913083319656
0.396028427994425
0.412701499832732
0.4297183463481175
0.4470789675405814
0.4647833634101239
0.4828315339567448
0.5012234791804441
0.519959199081222
0.5390386936590785
0.5584619629140134
0.5782290068460268
0.5983398254551188
0.6187944187412892
0.6395927867045379
0.6607349293448653
0.6822208466622712
0.7040505386567556
0.7262240053283185
0.7487412466769598
0.7716022627026798
0.7948070534054781
0.8183556187853549
0.8422479588423102
0.8664840735763443
0.8910639629874565
0.915987627075647
0.9412550658409163
0.9668662792832643
0.9928212674026905
1.0191200301991954
1.0457625676727786
1.0727488798234404
1.1000789666511808
1.1277528281559994
1.1557704643378968
1.1841318751968726
1.2128370607329269
1.2418860209460596
1.271278755836271
1.3010152654035605
1.3310955496479282
1.3615196085693753
1.3922874421679003
1.4233990504435041
1.4548544333961861
1.486653591025947
1.5187965233327863
1.551283230316704
1.5841137119777
1.6172879683157748
1.650805999330928
1.6846678050231596
1.71887338539247
1.7534227404388587
1.7883158701623256
1.8235527745628715
1.8591334536404955
1.8950579073951974
1.931326135826979
1.9679381389358384
2.0048939167217763
2.042193469184793
2.079836796324888
2.117823898142062
2.156154774636314
2.1948294258076446
2.2338478516560536
2.2732100521815415
2.3129160273841074
2.3529657772637522
2.393359301820475
2.434096601054277
2.4751776749651566
2.516602523553115
2.5583711468181516
2.600483544760267
2.6429397173794613
2.685739664675734
2.728883386649085
2.7723708832995144
2.8162021546270224
2.8603772006316084
2.904896021313274
2.9497586166720176
2.9949649867078394
3.04051513142074
3.0864090508107194
3.132646744877776
3.1792282136219123
3.226153457043127
3.2734224751414196
3.3210352679167916
3.3689918353692407
3.4172921774987697
3.465936294305377
3.514924185789062
3.564255851949826
3.613931292787667
3.663950508302588
3.7143134984945876
3.7650202633636654
3.8160708029098216
3.867465117133057
3.9192032060333695
3.971285069610762
4.0237107078652325
4.076480120796782
4.129593308405409
4.183050270691115
4.2368510076538985
4.290995519293761
4.345483805610703
4.400315866604723
4.455491702275822
4.511011312623998
4.5668746976492525
4.623081857351587
4.679632791731
4.73652750078749
4.79376598452106
4.851348242931707
4.909274276019433
4.967544083784238
5.026157666226121
5.085115023345084
5.144416155141123
5.204061061614242
5.264049742764439
5.324382198591713
5.385058429096068
5.446078434277501
5.507442214136012
5.569149768671601
5.6312010978842695
5.6935962017740165
5.7563350803408415
5.819417733584745
5.8828441615057265
5.946614364103788
6.010728341378927
6.075186093331145
6.139987619960442
6.205132921266816
6.270621997250268
6.3364548479108
6.402631473248411
6.469151873263099
6.536016047954867
6.603223997323712
6.670775721369636
6.738671220092638
6.806910493492721
6.87549354156988
6.944420364324118
7.013690961755435
7.083305333863829
7.1532634806493025
7.223565402111855
7.294211098251486
7.365200569068195
7.436533814561982
7.5082108347328465
7.58023162958079
7.652596199105814
7.725304543307916
7.798356662187096
7.871752555743353
7.94549222397669
8.019575666887105
8.0940028844746
8.168773876739172
8.243888643680823
8.319347185299552
8.395149501595363
8.471295592568248
8.547785458218213
8.624619098545256
8.701796513549379
8.779317703230578
8.857182667588859
8.935391406624214
9.013943920336649
9.092840208726166
9.17208027179276
9.25166410953643
9.33159172195718
9.411863109055009
9.492478270829915
9.5734372072819
9.654739918410964
9.736386404217107
9.81837666470033
9.900710699860626
9.983388509698003
10.06641009421246
10.149775453403993
10.233484587272606
10.317537495818298
10.401934179041069
10.486674636940919
10.571758869517845
10.657186876771851
10.742958658702936
10.829074215311099
10.91553354659634
11.00233665255866
11.089483533198058
11.176974188514533
11.26480861850809
11.352986823178723
11.441508802526434
11.530374556551227
11.619584085253097
11.709137388632044
11.79903446668807
11.889275319421175
11.979859946831358
12.07078834891862
12.16206052568296
12.25367647712438
12.345636203242877
12.43793970403845
12.530586979511105
12.623578029660838
12.71691285448765
12.81059145399154
12.904613828172508
12.998979977030555
13.093689900565678
13.188743598777885
13.284141071667166
13.379882319233527
13.475967341476963
13.572396138397483
13.669168709995079
13.766285056269755
13.863745177221508
13.961549072850339
14.059696743156248
14.158188188139238
14.257023407799304
14.356202402136445
14.455725171150668
14.55559171484197
14.655802033210351
14.756356126255811
14.85725399397835
14.958495636377965
15.060081053454661
15.162010245208435
15.264283211639286
15.366899952747216
15.469860468532229
15.573164758994313
15.676812824133478
15.780804663949723
15.885140278443048
15.989819667613448
16.09484283146093
16.200209769985484
16.305920483187126
16.41197497106584
16.518373233621634
16.625115270854508
16.73220108276446
16.83963066935149
16.947404030615594
17.055521166556783
17.163982077175046
17.272786762470393
17.381935222442813
17.491427457092314
17.601263466418892
17.711443250422548
17.821966809103287
17.932834142461097
18.04404525049599
18.15560013320796
18.26749879059701
18.379741222663142
18.492327429406348
18.60525741082663
18.718531166924
18.832148697698436
18.94611000314996
19.06041508327856
19.17506393808424
19.290056567566996
19.40539297172683
19.52107315056374
19.637097104077732
19.753464832268804
19.870176335136954
19.98723161268218
20.104630664904484
20.22237349180387
20.340460093380337
20.45889046963387
20.57766462056449
20.69678254617219
20.816244246456968
20.936049721418822
21.05604972141882
21.17604972141882
21.29604972141882
21.41604972141882
21.536049721418824
21.65604972141882
21.776049721418822
21.896049721418823
22.01604972141882
22.13604972141882
22.256049721418822
22.37604972141882
22.49604972141882
22.616049721418822
22.736049721418823
22.856049721418824
22.97604972141882
23.096049721418822
23.216049721418823
23.33604972141882
23.456049721418825
23.576049721418823
23.696049721418824
23.816049721418825
23.936049721418822
24.056049721418827
24.176049721418824
24.29604972141882
24.416049721418826
24.536049721418824
24.65604972141882
24.776049721418826
24.896049721418823
25.016049721418824
25.136049721418825
25.256049721418822
25.376049721418827
25.496049721418824
25.616049721418822
25.736049721418826
25.856049721418824
25.976049721418825
26.096049721418826
26.216049721418823
26.336049721418824
26.456049721418825
26.576049721418823
26.696049721418827
26.816049721418825
26.936049721418826
27.056049721418827
27.176049721418824
27.29604972141883
27.416049721418826
27.536049721418824
27.656049721418828
27.776049721418826
27.896049721418827
28.016049721418828
28.136049721418825
28.256049721418826
28.376049721418827
28.496049721418828
28.61604972141883
28.736049721418826
28.856049721418824
28.976049721418832
29.09604972141883
29.216049721418827
29.336049721418828
29.456049721418825
29.57604972141883
29.696049721418824
29.81604972141883
29.93604972141883
30.056049721418827
30.176049721418828
30.296049721418825
30.41604972141883
30.53604972141883
30.656049721418828
30.776049721418826
30.896049721418827
31.01604972141883
31.13604972141883
31.25604972141883
31.376049721418827
31.496049721418828
31.616049721418833
31.73604972141883
31.85604972141883
31.97604972141883
32.09604972141883
32.216049721418834
32.33604972141883
32.45604972141883
32.576049721418826
32.69604972141883
32.816049721418835
32.93604972141883
33.05604972141883
33.17604972141883
33.29604972141883
33.41604972141884
33.536049721418834
33.65604972141883
33.77604972141883
33.89604972141883
34.01604972141884
34.13604972141883
34.25604972141883
34.37604972141883
34.49604972141883
34.61604972141883
34.73604972141883
34.856049721418835
34.97604972141883
35.09604972141883
35.216049721418834
35.33604972141883
35.456049721418836
35.57604972141883
35.69604972141883
35.81604972141883
35.93604972141883
36.05604972141884
36.176049721418835
36.29604972141883
36.41604972141883
36.536049721418834
36.65604972141884
36.77604972141883
36.896049721418834
37.01604972141883
37.13604972141883
37.25604972141884
37.37604972141883
37.496049721418835
37.61604972141883
37.73604972141883
37.85604972141884
37.97604972141883
38.09604972141884
38.216049721418834
38.33604972141883
38.456049721418836
38.57604972141883
38.69604972141884
38.816049721418835
38.93604972141883
39.05604972141884
39.176049721418835
39.29604972141884
39.41604972141883
39.53604972141884
39.656049721418825
39.77604972141884
39.89604972141883
40.016049721418845
40.13604972141883
40.25604972141884
40.37604972141883
40.49604972141884
40.61604972141883
40.736049721418844
40.85604972141883
40.976049721418846
41.09604972141883
41.21604972141885
41.33604972141883
41.45604972141884
41.576049721418826
41.69604972141884
41.816049721418835
41.93604972141885
42.05604972141883
42.17604972141885
42.29604972141883
42.416049721418844
42.53604972141883
42.656049721418846
42.77604972141883
42.89604972141884
43.01604972141884
43.13604972141885
43.25604972141883
43.376049721418845
43.49604972141883
43.61604972141885
43.73604972141883
43.85604972141885
43.97604972141883
44.096049721418844
44.216049721418834
44.336049721418846
44.456049721418836
44.57604972141885
44.69604972141883
44.81604972141885
44.93604972141883
45.05604972141885
45.176049721418835
45.296049721418846
45.41604972141884
45.53604972141884
45.65604972141884
45.77604972141885
45.896049721418834
46.01604972141885
46.13604972141883
46.25604972141885
46.37604972141884
46.49604972141885
46.61604972141883
46.736049721418844
46.85604972141884
46.97604972141885
47.09604972141884
47.21604972141885
47.33604972141883
47.45604972141885
47.57604972141883
47.69604972141885
47.816049721418835
47.93604972141885
48.05604972141884
48.17604972141884
48.29604972141884
48.41604972141885
48.536049721418834
48.65604972141885
48.776049721418836
48.89604972141885
49.01604972141884
49.13604972141885
49.25604972141884
49.376049721418845
49.49604972141884
49.616049721418854
49.73604972141884
49.85604972141885
49.97604972141883
50.09604972141885
50.21604972141884
50.33604972141885
50.456049721418836
50.57604972141885
50.69604972141884
50.81604972141885
50.93604972141884
51.05604972141885
51.176049721418835
51.29604972141885
51.416049721418844
51.536049721418856
51.65604972141884
51.77604972141885
51.896049721418834
52.01604972141885
52.13604972141884
52.256049721418854
52.37604972141884
52.496049721418856
52.61604972141884
52.73604972141885
52.85604972141884
52.97604972141885
53.09604972141884
53.216049721418855
53.336049721418846
53.45604972141886
53.57604972141884
53.69604972141885
53.816049721418835
53.936049721418854
54.056049721418844
54.176049721418856
54.29604972141884
54.41604972141886
54.53604972141884
54.65604972141885
54.77604972141884
54.896049721418855
55.01604972141884
55.13604972141886
55.25604972141884
55.37604972141885
55.49604972141884
55.616049721418854
55.736049721418844
55.856049721418856
55.976049721418846
56.09604972141886
56.21604972141884
56.33604972141886
56.45604972141884
56.576049721418855
56.696049721418845
56.81604972141886
56.93604972141884
57.05604972141886
57.17604972141884
57.29604972141885
57.41604972141885
57.536049721418856
57.656049721418846
57.776049721418865
57.896049721418855
58.01604972141886
58.13604972141884
58.25604972141886
58.37604972141885
58.49604972141887
58.616049721418854
58.73604972141886
58.85604972141885
58.97604972141887
59.09604972141886
59.21604972141886
59.336049721418846
59.456049721418864
59.576049721418855
59.69604972141887
59.81604972141885
59.93604972141886
60.05604972141885
60.17604972141887
60.29604972141886
60.416049721418865
60.53604972141885
60.65604972141887
60.77604972141886
60.896049721418876
61.01604972141885
61.13604972141886
61.256049721418854
61.37604972141887
61.49604972141886
61.61604972141887
61.736049721418844
61.85604972141886
61.97604972141886
62.09604972141888
62.216049721418855
62.33604972141886
62.45604972141886
62.57604972141887
62.69604972141885
62.81604972141887
62.93604972141885
63.056049721418866
63.17604972141886
63.29604972141887
63.41604972141886
63.53604972141886
63.65604972141885
63.77604972141887
63.896049721418855
64.01604972141887
64.13604972141886
64.25604972141888
64.37604972141887
64.49604972141887
64.61604972141885
64.73604972141887
64.85604972141886
64.97604972141887
65.09604972141885
65.21604972141887
65.33604972141886
65.45604972141886
65.57604972141887
65.69604972141887
65.81604972141885
65.93604972141887
66.05604972141886
66.17604972141888
66.29604972141885
66.41604972141886
66.53604972141885
66.65604972141887
66.77604972141887
66.89604972141888
67.01604972141885
67.13604972141887
67.25604972141886
67.37604972141888
67.49604972141886
67.61604972141886
67.73604972141885
67.85604972141887
67.97604972141886
68.09604972141886
68.21604972141886
68.33604972141887
68.45604972141886
68.57604972141888
68.69604972141886
68.81604972141886
68.93604972141885
69.05604972141887
69.17604972141886
69.29604972141887
69.41604972141886
69.53604972141888
69.65604972141887
69.77604972141889
69.89604972141886
70.01604972141887
70.13604972141886
70.25604972141888
70.37604972141887
70.49604972141887
70.61604972141886
70.73604972141888
70.85604972141887
70.97604972141889
71.09604972141886
71.21604972141887
71.33604972141886
71.45604972141888
71.57604972141885
71.69604972141887
71.81604972141886
71.93604972141887
72.05604972141887
72.17604972141888
72.29604972141887
72.41604972141887
72.53604972141886
72.65604972141888
72.77604972141886
72.89604972141888
73.01604972141885
73.13604972141887
73.25604972141888
73.37604972141888
73.49604972141886
73.61604972141888
73.73604972141887
73.85604972141888
73.97604972141886
74.09604972141886
74.21604972141886
74.33604972141887
74.45604972141886
74.57604972141887
74.69604972141886
74.81604972141888
74.93604972141887
75.05604972141889
75.17604972141886
75.29604972141887
75.41604972141886
75.53604972141888
75.65604972141887
75.77604972141887
75.89604972141886
76.01604972141888
76.13604972141887
76.25604972141889
76.37604972141887
76.49604972141887
76.61604972141886
76.73604972141888
76.85604972141887
76.97604972141887
77.09604972141886
77.21604972141888
77.33604972141887
77.45604972141889
77.57604972141887
77.69604972141887
77.81604972141886
77.93604972141888
78.05604972141887
78.17604972141888
78.29604972141887
78.41604972141887
78.53604972141888
78.6560497214189
78.77604972141886
78.89604972141888
79.01604972141887
79.13604972141889
79.25604972141888
79.37604972141887
79.49604972141886
79.61604972141888
79.73604972141888
79.85604972141888
79.97604972141886
80.09604972141888
80.21604972141887
80.33604972141889
80.45604972141888
80.57604972141887
80.69604972141886
80.81604972141888
80.93604972141887
81.05604972141887
81.17604972141886
81.29604972141888
81.41604972141887
81.53604972141889
81.65604972141885
81.77604972141887
81.89604972141886
82.01604972141888
82.13604972141886
82.25604972141888
82.37604972141887
82.49604972141888
82.61604972141888
82.7360497214189
82.85604972141886
82.97604972141887
83.09604972141886
83.21604972141888
83.33604972141885
83.45604972141886
83.57604972141887
83.69604972141889
83.81604972141888
83.93604972141887
84.05604972141886
84.17604972141888
84.29604972141887
84.41604972141889
84.53604972141885
84.65604972141887
84.77604972141887
84.89604972141888
85.01604972141888
85.13604972141887
85.25604972141886
85.37604972141888
85.49604972141887
85.61604972141889
85.73604972141885
85.85604972141887
85.97604972141886
86.09604972141888
86.21604972141888
86.33604972141887
86.45604972141886
86.57604972141888
86.69604972141887
86.81604972141889
86.93604972141885
87.05604972141887
87.17604972141886
87.29604972141888
87.41604972141887
87.53604972141888
87.65604972141887
87.77604972141889
87.89604972141888
88.0160497214189
88.13604972141886
88.25604972141888
88.37604972141887
88.49604972141888
88.61604972141888
88.73604972141888
88.85604972141887
88.97604972141889
89.09604972141888
89.2160497214189
89.33604972141886
89.45604972141888
89.57604972141887
89.69604972141889
89.81604972141888
89.93604972141887
90.05604972141887
90.17604972141889
90.29604972141888
90.4160497214189
90.53604972141886
90.65604972141888
90.77604972141887
90.89604972141889
91.01604972141885
91.13604972141887
91.25604972141888
91.37604972141888
91.49604972141888
91.61604972141888
91.73604972141887
91.85604972141888
91.97604972141887
92.0960497214189
92.21604972141886
92.33604972141887
92.45604972141886
92.57604972141888
92.69604972141889
92.81604972141888
92.93604972141887
93.05604972141889
93.17604972141888
93.2960497214189
93.41604972141886
93.53604972141888
93.65604972141887
93.77604972141889
93.89604972141888
94.01604972141888
94.13604972141887
94.25604972141889
94.37604972141888
94.4960497214189
94.61604972141886
94.73604972141888
94.85604972141887
94.97604972141889
95.09604972141888
95.21604972141888
95.33604972141887
95.45604972141889
95.57604972141888
95.6960497214189
95.81604972141886
95.93604972141888
96.05604972141887
96.17604972141889
96.29604972141888
96.41604972141887
96.53604972141888
96.6560497214189
96.77604972141889
96.8960497214189
97.01604972141887
97.13604972141889
97.25604972141888
97.3760497214189
97.49604972141888
97.61604972141888
97.73604972141888
97.85604972141888
97.97604972141889
98.09604972141891
98.21604972141887
98.33604972141889
98.45604972141888
98.5760497214189
98.69604972141889
98.81604972141888
98.93604972141887
99.05604972141889
99.17604972141889
99.2960497214189
99.41604972141887
99.53604972141889
99.65604972141888
99.7760497214189
99.89604972141886
100.01604972141888
100.13604972141887
100.25604972141889
100.37604972141888
100.49604972141888
100.61604972141888
100.7360497214189
100.85604972141888
100.9760497214189
101.09604972141886
101.21604972141888
101.33604972141887
101.45604972141889
101.57604972141888
101.69604972141889
101.81604972141888
101.9360497214189
102.05604972141889
102.1760497214189
102.29604972141887
102.41604972141889
102.53604972141888
102.6560497214189
102.77604972141889
102.89604972141888
103.01604972141888
103.1360497214189
103.25604972141889
103.37604972141891
103.49604972141887
103.61604972141889
103.73604972141888
103.8560497214189
103.97604972141889
104.09604972141888
104.21604972141888
104.33604972141889
104.45604972141889
104.57604972141891
104.69604972141887
104.81604972141889
104.93604972141888
105.0560497214189
105.17604972141889
105.29604972141888
105.41604972141887
105.53604972141889
105.6560497214189
105.7760497214189
105.89604972141888
106.0160497214189
106.13604972141889
106.2560497214189
106.3760497214189
106.49604972141888
106.61604972141888
106.7360497214189
106.85604972141888
106.9760497214189
107.09604972141888
107.2160497214189
107.33604972141889
107.4560497214189
107.57604972141887
107.69604972141889
107.81604972141888
107.9360497214189
108.05604972141889
108.1760497214189
108.29604972141888
108.4160497214189
108.53604972141889
108.65604972141891
108.77604972141887
108.89604972141889
109.01604972141888
109.1360497214189
109.25604972141889
109.37604972141888
109.49604972141888
109.6160497214189
109.7360497214189
109.85604972141891
109.97604972141887
110.0960497214189
110.21604972141888
110.3360497214189
110.45604972141889
110.57604972141888
110.69604972141889
110.81604972141889
110.9360497214189
111.05604972141892
111.17604972141888
111.2960497214189
111.41604972141889
111.5360497214189
111.6560497214189
111.77604972141889
111.89604972141888
112.0160497214189
112.1360497214189
112.2560497214189
112.37604972141888
112.4960497214189
112.61604972141889
112.73604972141891
112.8560497214189
112.97604972141889
113.09604972141888
113.2160497214189
113.33604972141889
113.4560497214189
113.57604972141888
113.6960497214189
113.81604972141889
113.93604972141891
114.0560497214189
114.17604972141889
114.29604972141888
114.4160497214189
114.53604972141889
114.6560497214189
114.77604972141887
114.89604972141889
115.01604972141888
115.1360497214189
115.25604972141889
115.37604972141888
115.49604972141887
115.61604972141889
115.73604972141888
115.8560497214189
115.97604972141887
116.0960497214189
116.21604972141888
116.3360497214189
116.45604972141886
116.57604972141888
116.69604972141887
116.81604972141889
116.93604972141888
117.0560497214189
117.17604972141888
117.2960497214189
117.41604972141889
117.5360497214189
117.65604972141887
117.77604972141889
117.89604972141888
118.0160497214189
118.13604972141889
118.25604972141888
118.37604972141888
118.4960497214189
118.61604972141889
118.73604972141891
118.85604972141887
118.97604972141889
119.09604972141888
119.2160497214189
119.33604972141889
119.45604972141888
119.57604972141887
119.69604972141889
119.81604972141889
119.93604972141891
120.05604972141887
120.17604972141889
120.29604972141888
120.4160497214189
120.53604972141889
120.65604972141888
120.77604972141887
120.89604972141889
121.01604972141888
121.1360497214189
121.25604972141888
121.3760497214189
121.49604972141888
121.6160497214189
121.7360497214189
121.85604972141888
121.97604972141887
122.0960497214189
122.21604972141888
122.3360497214189
122.45604972141888
122.5760497214189
122.69604972141889
122.8160497214189
122.9360497214189
123.05604972141889
123.17604972141888
123.2960497214189
123.41604972141889
123.5360497214189
123.65604972141888
123.7760497214189
123.89604972141889
124.01604972141891
124.1360497214189
124.25604972141889
124.37604972141888
124.4960497214189
124.61604972141889
124.73604972141891
124.85604972141888
124.9760497214189
125.0960497214189
125.21604972141891
125.33604972141887
125.45604972141889
125.57604972141888
125.6960497214189
125.81604972141889
125.93604972141888
126.05604972141887
126.17604972141889
126.2960497214189
126.41604972141891
126.53604972141888
126.6560497214189
126.77604972141889
126.8960497214189
127.0160497214189
127.13604972141889
127.25604972141888
127.3760497214189
127.4960497214189
127.6160497214189
127.73604972141888
127.8560497214189
127.97604972141889
128.0960497214189
128.2160497214189
128.3360497214189
128.45604972141888
128.5760497214189
128.6960497214189
128.81604972141892
128.93604972141887
129.0560497214189
129.17604972141888
129.2960497214189
129.4160497214189
129.5360497214189
129.6560497214189
129.7760497214189
129.8960497214189
130.0160497214189
130.13604972141889
130.2560497214189
130.3760497214189
130.4960497214189
130.6160497214189
130.7360497214189
130.85604972141888
130.97604972141892
131.0960497214189
131.21604972141893
131.33604972141887
131.4560497214189
131.57604972141888
131.69604972141892
131.8160497214189
131.9360497214189
132.0560497214189
132.1760497214189
132.2960497214189
132.41604972141891
132.5360497214189
132.6560497214189
132.7760497214189
132.8960497214189
133.0160497214189
133.13604972141889
133.2560497214189
133.3760497214189
133.4960497214189
133.61604972141893
133.73604972141888
133.8560497214189
133.9760497214189
134.09604972141892
134.21604972141887
134.3360497214189
134.45604972141888
134.5760497214189
134.69604972141892
134.8160497214189
134.9360497214189
135.0560497214189
135.1760497214189
135.2960497214189
135.4160497214189
135.5360497214189
135.6560497214189
135.7760497214189
135.8960497214189
136.0160497214189
136.13604972141889
136.25604972141892
136.3760497214189
136.49604972141893
136.6160497214189
136.7360497214189
136.85604972141888
136.97604972141892
137.0960497214189
137.21604972141893
137.3360497214189
137.4560497214189
137.5760497214189
137.69604972141892
137.81604972141892
137.9360497214189
138.0560497214189
138.1760497214189
138.2960497214189
138.41604972141891
138.5360497214189
138.65604972141892
138.7760497214189
138.89604972141893
139.0160497214189
139.1360497214189
139.2560497214189
139.37604972141892
139.4960497214189
139.61604972141893
139.7360497214189
139.8560497214189
139.97604972141892
140.09604972141892
140.21604972141893
140.3360497214189
140.4560497214189
140.5760497214189
140.69604972141892
140.81604972141892
140.9360497214189
141.0560497214189
141.1760497214189
141.2960497214189
141.41604972141894
141.53604972141892
141.6560497214189
141.77604972141893
141.89604972141893
142.01604972141894
142.13604972141889
142.25604972141892
142.37604972141892
142.49604972141893
142.61604972141893
142.7360497214189
142.85604972141894
142.97604972141892
143.09604972141892
143.21604972141893
143.33604972141893
143.4560497214189
143.5760497214189
143.69604972141892
143.81604972141895
143.93604972141893
144.0560497214189
144.17604972141893
144.29604972141894
144.41604972141894
144.5360497214189
144.65604972141892
144.77604972141893
144.89604972141893
145.0160497214189
145.1360497214189
145.25604972141892
145.37604972141892
145.49604972141893
145.6160497214189
145.73604972141894
145.8560497214189
145.97604972141892
146.09604972141892
146.21604972141893
146.3360497214189
146.4560497214189
146.57604972141894
146.69604972141894
146.81604972141892
146.9360497214189
147.05604972141893
147.17604972141893
147.29604972141894
147.4160497214189
147.53604972141892
147.65604972141892
147.77604972141893
147.89604972141893
148.0160497214189
148.13604972141894
148.25604972141892
148.37604972141892
148.49604972141893
148.61604972141893
148.7360497214189
148.8560497214189
148.97604972141892
149.09604972141895
149.21604972141893
149.3360497214189
149.45604972141894
149.57604972141894
149.69604972141894
149.8160497214189
149.93604972141893
150.05604972141893
150.17604972141893
150.2960497214189
150.41604972141891
150.53604972141895
150.65604972141892
150.77604972141893
150.89604972141893
151.01604972141894
151.1360497214189
151.25604972141892
151.37604972141892
151.49604972141896
151.61604972141893
151.7360497214189
151.85604972141894
151.97604972141895
152.09604972141895
152.2160497214189
152.33604972141893
152.45604972141894
152.57604972141894
152.69604972141892
152.81604972141892
152.93604972141893
153.05604972141893
153.17604972141893
153.29604972141894
153.41604972141894
153.53604972141892
153.65604972141892
153.77604972141893
153.89604972141896
154.0160497214189
154.1360497214189
154.25604972141892
154.37604972141895
154.49604972141893
154.6160497214189
154.73604972141894
154.85604972141894
154.97604972141895
155.0960497214189
155.21604972141893
155.33604972141893
155.45604972141894
155.57604972141894
155.69604972141892
155.81604972141895
155.93604972141893
156.05604972141893
156.17604972141893
156.29604972141894
156.41604972141891
156.53604972141892
156.65604972141892
156.77604972141896
156.89604972141893
157.0160497214189
157.13604972141894
157.25604972141895
157.37604972141895
157.4960497214189
157.61604972141893
157.73604972141894
157.85604972141894
157.97604972141892
158.09604972141892
158.21604972141893
158.33604972141893
158.45604972141894
158.57604972141894
158.69604972141894
158.81604972141892
158.93604972141893
159.0560497214189
159.17587783408038
159.29536217206473
159.41450273537203
159.53329952400222
159.6517525379554
159.76986177723143
159.88762724183042
160.0050489317523
160.12212684699713
160.23886098756486
160.35525135345551
160.4712979446691
160.58700076120562
160.70235980306504
160.81737507024738
160.93204656275265
161.04637428058084
161.16035822373198
161.273998392206
161.38729478600297
161.50024740512285
161.61285624956565
161.72512131933138
161.83704261442
161.94862013483157
162.05985388056607
162.17074385162346
162.2812900480038
162.39149246970706
162.50135111673322
162.61086598908233
162.72003708675433
162.82886440974926
162.93734795806714
163.04548773170794
163.15328373067163
163.26073595495825
163.3678444045678
163.47460907950028
163.58102997975564
163.68710710533395
163.7928404562352
163.89823003245934
164.00327583400642
164.10797786087642
164.21233611306934
164.31635059058516
164.42002129342393
164.52334822158562
164.62633137507024
164.72897075387775
164.8312663580082
164.9332181874616
165.03482624223787
165.13609052233707
165.2370110277592
165.33758775850427
165.43782071457224
165.53770989596316
165.63725530267698
165.73645693471371
165.83531479207338
165.93382887475596
166.03199918276147
166.1298257160899
166.22730847474125
166.3244474587155
166.42124266801272
166.51769410263282
166.61380176257586
166.7095656478418
166.8049857584307
166.9000620943425
166.9947946555772
167.08918344213487
167.18322845401542
167.27692969121892
167.37028715374532
167.46330084159464
167.55597075476692
167.6482968932621
167.7402792570802
167.8319178462212
167.92321266068515
168.014163700472
168.1047709655818
168.1950344560145
168.28495417177012
168.37453011284865
168.46376227925012
168.55265067097451
168.64119528802183
168.72939613039208
168.8172531980852
168.9047664911013
168.99193600944028
169.0787617531022
169.16524372208707
169.25138191639482
169.3371763360255
169.42262698097912
169.5077338512556
169.59249694685508
169.67691626777747
169.76099181402273
169.84472358559094
169.9281115824821
170.01115580469616
170.09385625223314
170.17621292509304
170.25822582327584
170.33989494678158
170.42122029561025
170.50220186976185
170.58283966923634
170.6631336940338
170.74308394415414
170.82269041959742
170.9019531203636
170.98087204645273
171.05944719786476
171.1376785745997
171.21556617665757
171.2931100040384
171.3703100567421
171.44716633476875
171.52367883811831
171.59984756679083
171.67567252078624
171.75115370010457
171.82629110474582
171.90108473471
171.97553458999707
172.0496406706071
172.12340297654006
172.1968215077959
172.2698962643747
172.3426272462764
172.41501445350102
172.48705788604858
172.55875754391903
172.63011342711243
172.70112553562873
172.77179386946796
172.8421184286301
172.9120992131152
172.9817362229232
173.05102945805413
173.11997891850797
173.18858460428473
173.2568465153844
173.32476465180702
173.39233901355254
173.459569600621
173.52645641301234
173.59299945072664
173.65919871376386
173.725054202124
173.79056591580706
173.85573385481305
173.92055801914194
173.98503840879377
174.04917502376853
174.11296786406618
174.17641692968675
174.23952222063028
174.3022837368967
174.36470147848607
174.42677544539833
174.48850563763352
174.54989205519163
174.61093469807267
174.67163356627663
174.7319886598035
174.79199997865334
174.85166752282606
174.91099129232168
174.96997128714025
175.02860750728175
175.08689995274614
175.14484862353348
175.20245351964374
175.25971464107693
175.31663198783303
175.37320555991204
175.429435357314
175.48532138003884
175.5408636280866
175.59606210145733
175.65091680015095
175.7054277241675
175.75959487350696
175.81341824816934
175.86689784815468
175.9200336734629
175.97282572409406
176.02527400004814
176.07737850132514
176.12913922792507
176.18055617984788
176.23162935709368
176.28235875966234
176.33274438755396
176.3827862407685
176.43248431930593
176.4818386231663
176.5308491523496
176.57951590685582
176.62783888668497
176.67581809183702
176.723453522312
176.7707451781099
176.81769305923072
176.86429716567446
176.91055749744112
176.95647405453073
177.00204683694324
177.04727584467867
177.092161077737
177.13670253611826
177.1809002198225
177.2247541288496
177.26826426319963
177.3114306228726
177.35425320786848
177.3967320181873
177.438867053829
177.48065831479366
177.5221058010812
177.5632095126917
177.60396944962514
177.64438561188146
177.6844579994607
177.72418661236287
177.763571450588
177.802612514136
177.84130980300694
177.87966331720082
177.9176730567176
177.9553390215573
177.9926612117199
178.02963962720548
178.06627426801393
178.10256513414532
178.13851222559964
178.17411554237688
178.20937508447705
178.24429085190013
178.27886284464608
178.31309106271502
178.34697550610687
178.38051617482165
178.41371306885932
178.44656618821995
178.47907553290347
178.5112411029099
178.5430628982393
178.57454091889159
178.6056751648668
178.63646563616496
178.666912332786
178.69701525472996
178.7267744019969
178.75618977458672
178.78526137249946
178.81398919573513
178.84237324429373
178.8704135181752
178.89811001737965
178.925462741907
178.95247169175727
178.97913686693047
179.0054582674266
179.03143589324563
179.0570697443876
179.08235982085245
179.10730612264027
179.131908649751
179.15616740218462
179.1800823799412
179.20365358302072
179.22688101142313
179.24976466514846
179.27230454419671
179.2945006485679
179.316352978262
179.337861533279
179.35902631361893
179.3798473192818
179.40032455026758
179.4204580065763
179.44024768820793
179.4596935951625
179.47879572743994
179.49755408504035
179.51596866796365
179.5340394762099
179.55176650977904
179.56914976867114
179.58618925288613
179.60288496242404
179.61923689728488
179.63524505746867
179.65090944297535
179.66623005380495
179.68120688995748
179.69583995143293
179.7101292382313
179.7240747503526
179.73767648779682
179.75093445056396
179.76384863865403
179.776419052067
179.78864569080292
179.80052855486173
179.81206764424348
179.82326295894813
179.8341144989757
179.84462226432623
179.85478625499968
179.86460647099602
179.87408291231532
179.88321557895748
179.89200447092261
179.90044958821068
179.9085509308216
179.9163084987555
179.92372229201231
179.93079231059204
179.9375185544947
179.94390102372026
179.94993971826872
179.95563463814014
179.96098578333448
179.96599315385174
179.97065674969193
179.97497657085503
179.97895261734104
179.98258488915
179.98587338628184
179.98881810873664
179.99141905651433
179.99367622961495
179.99558962803852
179.99715925178498
179.99838510085436
179.9992671752467
179.99980547496193
180.0000000000001
